BLER,MCS
0.090000, 9
0.090000, 9
0.081000, 9
0.072900, 9
0.081000, 9
0.072900, 9
0.065610, 9
0.065610, 9
0.059049, 9
0.053144, 9
0.047830, 9
0.043047, 9
0.038742, 9
0.034868, 9
0.031381, 9
0.059049, 9
0.028243, 9
0.025419, 9
0.022877, 9
0.020589, 9
0.018530, 9
0.016677, 9
0.015009, 9
0.013509, 9
0.012158, 9
0.010942, 9
0.053144, 9
0.009848, 9
0.047830, 9
0.008863, 9
0.007977, 12
0.007179, 9
0.006461, 9
0.005815, 9
0.005233, 9
0.004710, 9
0.004239, 9
0.043047, 9
0.003815, 9
0.003434, 9
0.003090, 9
0.002781, 9
0.002503, 9
0.002253, 9
0.002028, 9
0.001825, 9
0.001642, 9
0.001478, 9
0.038742, 9
0.001330, 9
0.001197, 9
0.001078, 9
0.000970, 9
0.000873, 9
0.000786, 9
0.000707, 9
0.000636, 9
0.000573, 9
0.000515, 9
0.034868, 9
0.000464, 9
0.000417, 9
0.000376, 9
0.000338, 9
0.000304, 9
0.000274, 9
0.000247, 9
0.000222, 9
0.000200, 9
0.000180, 9
0.031381, 9
0.000162, 9
0.000146, 9
0.000131, 9
0.028243, 9
0.000118, 9
0.000106, 9
0.000096, 9
0.000086, 9
0.000077, 9
0.000070, 9
0.000063, 9
0.025419, 9
0.000056, 9
0.000051, 9
0.000046, 9
0.000041, 9
0.000037, 9
0.000033, 9
0.000030, 9
0.000027, 9
0.022877, 9
0.000024, 9
0.020589, 9
0.018530, 12
0.000022, 12
0.016677, 15
0.000020, 15
0.000018, 18
0.101450, 18
0.054561, 21
0.180194, 18
0.164500, 15
0.130923, 21
0.148050, 12
0.196403, 21
0.133245, 12
0.204540, 18
0.119921, 12
0.184086, 15
0.107929, 12
0.165677, 12
0.097136, 12
0.149110, 9
0.087422, 12
0.134199, 9
0.078680, 12
0.120779, 9
0.070812, 12
0.108701, 9
0.063731, 12
0.097831, 9
0.057358, 12
0.088048, 9
0.051622, 12
0.079243, 9
0.046460, 12
0.071319, 9
0.041814, 15
0.064187, 9
0.128109, 18
0.057768, 9
0.213631, 18
0.051991, 9
0.194810, 15
0.046792, 9
0.175329, 12
0.042113, 12
0.157796, 9
0.037902, 15
0.142017, 6
0.039375, 18
0.127815, 6
0.135437, 21
0.115034, 6
0.221894, 21
0.103530, 6
0.221133, 18
0.093177, 6
0.199019, 15
0.083859, 6
0.179118, 12
0.075474, 6
0.166761, 9
0.067926, 6
0.150085, 6
0.061134, 6
0.139839, 6
0.055020, 6
0.125855, 6
0.049518, 6
0.113269, 6
0.044566, 9
0.101942, 6
0.040110, 12
0.091748, 6
0.036099, 15
0.082573, 6
0.121378, 18
0.074316, 6
0.196542, 18
0.066884, 6
0.181198, 15
0.060196, 6
0.163078, 12
0.054176, 6
0.146770, 9
0.048759, 6
0.132093, 9
0.043883, 9
0.118884, 9
0.039495, 12
0.106995, 9
0.035545, 15
0.096296, 9
0.037254, 18
0.086666, 9
0.133528, 21
0.078000, 9
0.220176, 21
0.070200, 9
0.210658, 18
0.063180, 9
0.189592, 15
0.056862, 9
0.170633, 12
0.051176, 9
0.153570, 9
0.046058, 9
0.138213, 6
0.041452, 12
0.124391, 6
0.037307, 15
0.111952, 6
0.122465, 18
0.107424, 6
0.205301, 18
0.110015, 6
0.188189, 15
0.099013, 6
0.169370, 12
0.089112, 6
0.152433, 9
0.080201, 6
0.137190, 6
0.099958, 6
0.123471, 6
0.094724, 6
0.111124, 6
0.090252, 6
0.100012, 6
0.086227, 6
0.090010, 6
0.077604, 6
0.081009, 6
0.069844, 6
0.072908, 6
0.067405, 6
0.065618, 6
0.060664, 6
0.059056, 6
0.054598, 6
0.053150, 6
0.049138, 6
0.047835, 6
0.044224, 9
0.043052, 9
0.039802, 12
0.038747, 12
0.035822, 15
0.034872, 15
0.048906, 18
0.121861, 18
0.119016, 21
0.204757, 18
0.167114, 21
0.186823, 15
0.156285, 18
0.168141, 12
0.140656, 15
0.151327, 9
0.126591, 15
0.136194, 6
0.113932, 15
0.122575, 6
0.102539, 15
0.110317, 6
0.092285, 15
0.099286, 6
0.083056, 15
0.089357, 6
0.074751, 15
0.080421, 6
0.067276, 15
0.072379, 6
0.060548, 15
0.065141, 6
0.054493, 15
0.058627, 6
0.049044, 15
0.052764, 6
0.077473, 18
0.047488, 6
0.075608, 18
0.042739, 9
0.079158, 18
0.038465, 12
0.082354, 18
0.034619, 15
0.080001, 18
0.121633, 18
0.099273, 18
0.199792, 18
0.103632, 18
0.183232, 15
0.104380, 18
0.164909, 12
0.106442, 18
0.148418, 9
0.106909, 18
0.133576, 9
0.113865, 18
0.120218, 9
0.126008, 18
0.108197, 9
0.118670, 18
0.097377, 9
0.112066, 18
0.087639, 9
0.122288, 18
0.078875, 9
0.116726, 18
0.105053, 18
0.094548, 15
0.085093, 12
0.076584, 9
0.068926, 9
0.070988, 9
0.062033, 9
0.055830, 9
0.050247, 9
0.045222, 9
0.040700, 9
0.036630, 9
0.032967, 9
0.029670, 9
0.026703, 9
0.024033, 9
0.063889, 9
0.021630, 9
0.019467, 9
0.017520, 9
0.015768, 9
0.014191, 9
0.012772, 9
0.011495, 9
0.010345, 9
0.009311, 9
0.008380, 9
0.057500, 9
0.007542, 9
0.006788, 9
0.006109, 9
0.005498, 9
0.004948, 9
0.004453, 9
0.004008, 9
0.003607, 9
0.003246, 9
0.002922, 9
0.051750, 9
0.002630, 9
0.002367, 9
0.002130, 9
0.001917, 9
0.046575, 9
0.001725, 9
0.041918, 9
0.001553, 12
0.037726, 12
0.001398, 15
0.033953, 15
0.020008, 18
0.122493, 18
0.076340, 21
0.195244, 18
0.123252, 21
0.181224, 15
0.195542, 21
0.163102, 12
0.189321, 18
0.146792, 9
0.170389, 15
0.132112, 9
0.153350, 12
0.118901, 9
0.138015, 9
0.107011, 9
0.124214, 9
0.096310, 9
0.111792, 9
0.086679, 9
0.100613, 9
0.078011, 9
0.090552, 9
0.070210, 9
0.081497, 9
0.063189, 9
0.073347, 9
0.056870, 9
0.066012, 9
0.051183, 9
0.059411, 9
0.046065, 9
0.053470, 9
0.041458, 12
0.048123, 9
0.037312, 15
0.043311, 12
0.121081, 18
0.038980, 15
0.207306, 18
0.035082, 18
0.189995, 15
0.106573, 21
0.170995, 12
0.195916, 21
0.153896, 9
0.202991, 18
0.138506, 6
0.182692, 15
0.124655, 6
0.164423, 12
0.112190, 6
0.147981, 9
0.100971, 6
0.133182, 9
0.090874, 6
0.125127, 9
0.081786, 6
0.112615, 9
0.073608, 6
0.101353, 9
0.066247, 6
0.091218, 9
0.059622, 6
0.087359, 9
0.053660, 6
0.078623, 9
0.048294, 6
0.070761, 9
0.043465, 9
0.063685, 9
0.039118, 12
0.057316, 9
0.035206, 15
0.051585, 9
0.123621, 18
0.046426, 9
0.204702, 18
0.041784, 12
0.186774, 15
0.037605, 15
0.168097, 12
0.048845, 18
0.151287, 9
0.108246, 21
0.136158, 6
0.182037, 21
0.122542, 6
0.163833, 18
0.110288, 6
0.147450, 15
0.099259, 6
0.132705, 15
0.089333, 6
0.119434, 15
0.080400, 6
0.107491, 15
0.072360, 6
0.096742, 15
0.065124, 6
0.087068, 15
0.058612, 6
0.078361, 15
0.052750, 6
0.070525, 15
0.047475, 6
0.063472, 15
0.042728, 9
0.057125, 15
0.038455, 12
0.051413, 15
0.034610, 15
0.046271, 15
0.120038, 18
0.041644, 18
0.203116, 18
0.087480, 21
0.186223, 15
0.167601, 12
0.145398, 21
0.150841, 9
0.192397, 21
0.135757, 6
0.193157, 18
0.122181, 6
0.173842, 15
0.109963, 6
0.156457, 12
0.098967, 6
0.140812, 9
0.089070, 6
0.126731, 9
0.080163, 6
0.114057, 9
0.072147, 6
0.102652, 9
0.064932, 6
0.092387, 9
0.058439, 6
0.083148, 9
0.052595, 6
0.081976, 9
0.047335, 6
0.079661, 9
0.042602, 9
0.071695, 9
0.038342, 12
0.064525, 9
0.034507, 15
0.058073, 9
0.052265, 9
0.122992, 18
0.205775, 18
0.047039, 9
0.187740, 15
0.042335, 12
0.168966, 12
0.038101, 15
0.152069, 9
0.045402, 18
0.136862, 6
0.115862, 21
0.123176, 6
0.204276, 21
0.110859, 6
0.190515, 18
0.099773, 6
0.171464, 15
0.089795, 6
0.154317, 12
0.080816, 6
0.138885, 9
0.072734, 6
0.130260, 9
0.065461, 6
0.117234, 9
0.058915, 6
0.105511, 9
0.053023, 6
0.094960, 9
0.047721, 6
0.085464, 9
0.042949, 9
0.082473, 9
0.038654, 12
0.074226, 9
0.034789, 15
0.071803, 9
0.118810, 18
0.064623, 9
0.205262, 18
0.058160, 9
0.188155, 15
0.052344, 9
0.169339, 12
0.047110, 9
0.152405, 9
0.042399, 12
0.137165, 6
0.038159, 15
0.123448, 6
0.046108, 18
0.111103, 6
0.114224, 21
0.099993, 6
0.156648, 21
0.155269, 18
0.139742, 15
0.125768, 12
0.113191, 9
0.101872, 9
0.091685, 9
0.082516, 9
0.074265, 9
0.066838, 9
0.089994, 6
0.060154, 9
0.054139, 9
0.048725, 9
0.043853, 9
0.039467, 9
0.035521, 9
0.031968, 9
0.028772, 9
0.025894, 9
0.023305, 9
0.080994, 6
0.020975, 9
0.018877, 9
0.016989, 9
0.015290, 9
0.013761, 9
0.012385, 9
0.011147, 9
0.010032, 9
0.009029, 9
0.008126, 9
0.072895, 6
0.007313, 9
0.006582, 9
0.005924, 9
0.005331, 9
0.004798, 9
0.004318, 9
0.003887, 9
0.003498, 9
0.003148, 9
0.002833, 9
0.065605, 6
0.002550, 9
0.002295, 9
0.002066, 9
0.001859, 9
0.001673, 9
0.001506, 9
0.001355, 9
0.059045, 6
0.001220, 9
0.053140, 6
0.001098, 12
0.047826, 6
0.000988, 15
0.043044, 9
0.014222, 18
0.038739, 12
0.072800, 21
0.034865, 15
0.127059, 21
0.124822, 18
0.189353, 21
0.208173, 18
0.180944, 18
0.189036, 15
0.162849, 15
0.170133, 12
0.146565, 12
0.153119, 9
0.131908, 12
0.137807, 6
0.124600, 12
0.124027, 6
0.112140, 12
0.111624, 6
0.106808, 12
0.100462, 6
0.096127, 12
0.090415, 6
0.086515, 12
0.081374, 6
0.077863, 12
0.073236, 6
0.070077, 12
0.065913, 6
0.069319, 12
0.059322, 6
0.068637, 12
0.053389, 6
0.061773, 12
0.048050, 6
0.055596, 12
0.043245, 9
0.050036, 12
0.038921, 12
0.045033, 12
0.035029, 15
0.040530, 15
0.121848, 18
0.036477, 18
0.207997, 18
0.095329, 21
0.188878, 15
0.150502, 21
0.169990, 12
0.151241, 18
0.152991, 9
0.136117, 15
0.137692, 6
0.122505, 15
0.123923, 6
0.110255, 15
0.111531, 6
0.099229, 15
0.100377, 6
0.089306, 15
0.090340, 6
0.080376, 15
0.081306, 6
0.072338, 15
0.073175, 6
0.065104, 15
0.065858, 6
0.058594, 15
0.059272, 6
0.052735, 15
0.053345, 6
0.047461, 15
0.048010, 6
0.060362, 18
0.043209, 9
0.066091, 18
0.038888, 12
0.070593, 18
0.034999, 15
0.083533, 18
0.123435, 18
0.083513, 18
0.207758, 18
0.188663, 15
0.091829, 18
0.169797, 12
0.082646, 18
0.152817, 9
0.091048, 18
0.137535, 6
0.087499, 18
0.123782, 6
0.089860, 18
0.111404, 6
0.086429, 18
0.100263, 6
0.083669, 18
0.090237, 6
0.088635, 18
0.081213, 6
0.106438, 18
0.073092, 6
0.117223, 18
0.065783, 6
0.105501, 18
0.059204, 6
0.128284, 18
0.053284, 6
0.115456, 18
0.047956, 6
0.116410, 18
0.043160, 9
0.110325, 18
0.038844, 12
0.111057, 18
0.034960, 15
0.104951, 18
0.123399, 18
0.101599, 18
0.209393, 18
0.118106, 18
0.190120, 15
0.117406, 18
0.171108, 12
0.105666, 18
0.153997, 9
0.113849, 18
0.138597, 6
0.109131, 18
0.124738, 6
0.108218, 18
0.112264, 6
0.097396, 18
0.101038, 6
0.094323, 18
0.090934, 6
0.098224, 18
0.081840, 6
0.100902, 18
0.073656, 6
0.105097, 18
0.066291, 6
0.100143, 18
0.059662, 6
0.096379, 18
0.053695, 6
0.086741, 18
0.048326, 6
0.096817, 18
0.043493, 9
0.092691, 18
0.039144, 12
0.095186, 18
0.035230, 15
0.102334, 18
0.123642, 18
0.092101, 18
0.206360, 18
0.089141, 18
0.188266, 15
0.103756, 18
0.169440, 12
0.105145, 18
0.152496, 9
0.099894, 18
0.137246, 6
0.095168, 18
0.123521, 6
0.097416, 18
0.111169, 6
0.100174, 18
0.100052, 6
0.096823, 18
0.090047, 6
0.087141, 18
0.081042, 6
0.084677, 18
0.072938, 6
0.093856, 18
0.065644, 6
0.091137, 18
0.059080, 6
0.094524, 18
0.053172, 6
0.092214, 18
0.047855, 6
0.114243, 18
0.043069, 9
0.102818, 18
0.038762, 12
0.108326, 18
0.034886, 15
0.104160, 18
0.121720, 18
0.101436, 18
0.207881, 18
0.102404, 18
0.187927, 15
0.102690, 18
0.169134, 12
0.106707, 18
0.096036, 18
0.086432, 15
0.077789, 12
0.070010, 9
0.063009, 9
0.056708, 9
0.152221, 9
0.051037, 9
0.045934, 9
0.041340, 9
0.037206, 9
0.033486, 9
0.030137, 9
0.027123, 9
0.024411, 9
0.021970, 9
0.019773, 9
0.136999, 6
0.017796, 9
0.016016, 9
0.014414, 9
0.012973, 9
0.123299, 6
0.011676, 9
0.110969, 6
0.010508, 12
0.099872, 6
0.009457, 15
0.089885, 6
0.033512, 18
0.080896, 6
0.100160, 21
0.072807, 6
0.143991, 21
0.065526, 6
0.187925, 21
0.058973, 6
0.169132, 18
0.053076, 6
0.152219, 15
0.047768, 6
0.136997, 12
0.042992, 9
0.123297, 12
0.038692, 12
0.110968, 12
0.034823, 15
0.099871, 12
0.120230, 18
0.089884, 12
0.203289, 18
0.080895, 12
0.186379, 15
0.072806, 12
0.167741, 12
0.065525, 12
0.150967, 9
0.064855, 12
0.135870, 6
0.064252, 12
0.122283, 6
0.057827, 12
0.110055, 6
0.052044, 12
0.099049, 6
0.046840, 12
0.089144, 6
0.042156, 15
0.080230, 6
0.055587, 18
0.072207, 6
0.063362, 18
0.064986, 6
0.068790, 18
0.058488, 6
0.073676, 18
0.052639, 6
0.077420, 18
0.047375, 6
0.088428, 18
0.042637, 9
0.090696, 18
0.038374, 12
0.099273, 18
0.034536, 15
0.096013, 18
0.119972, 18
0.086411, 18
0.206308, 18
0.116232, 18
0.188219, 15
0.128138, 18
0.169397, 12
0.132971, 18
0.152458, 9
0.125924, 18
0.137212, 6
0.124443, 18
0.123491, 6
0.124499, 18
0.111142, 6
0.125382, 18
0.100027, 6
0.124609, 18
0.090025, 6
0.118030, 18
0.081022, 6
0.118727, 18
0.072920, 6
0.119354, 18
0.065628, 6
0.119184, 18
0.059065, 6
0.124912, 18
0.053159, 6
0.119088, 18
0.047843, 6
0.112735, 18
0.043059, 9
0.106724, 18
0.038753, 12
0.106578, 18
0.034877, 15
0.125332, 18
0.118890, 18
0.121132, 18
0.202083, 18
0.115686, 18
0.185293, 15
0.115882, 18
0.166764, 12
0.116058, 18
0.150088, 9
0.111119, 18
0.135079, 6
0.121571, 6
0.116674, 18
0.109414, 6
0.111257, 18
0.098472, 6
0.120131, 18
0.088625, 6
0.114000, 18
0.079763, 6
0.108156, 18
0.071786, 6
0.110673, 18
0.064608, 6
0.106273, 18
0.058147, 6
0.114395, 18
0.052332, 6
0.116289, 18
0.047099, 6
0.110910, 18
0.042389, 9
0.105082, 18
0.038150, 12
0.106339, 18
0.034335, 15
0.116758, 18
0.121378, 18
0.111332, 18
0.199563, 18
0.110199, 18
0.183025, 15
0.104734, 18
0.164723, 12
0.119261, 18
0.148250, 9
0.113585, 18
0.133425, 9
0.107782, 18
0.120083, 9
0.114651, 18
0.108075, 9
0.121936, 18
0.097267, 9
0.129742, 18
0.087540, 9
0.143435, 18
0.078786, 9
0.134647, 18
0.070908, 9
0.134515, 18
0.063817, 9
0.126327, 18
0.057435, 9
0.119250, 18
0.051692, 9
0.145786, 18
0.046523, 9
0.142972, 18
0.041870, 12
0.139202, 18
0.037683, 15
0.130545, 18
0.122804, 18
0.125823, 18
0.205605, 18
0.126574, 18
0.188464, 15
0.118917, 18
0.169617, 12
0.132025, 18
0.152656, 9
0.130587, 18
0.137390, 6
0.134195, 18
0.123651, 6
0.132541, 18
0.111286, 6
0.132620, 18
0.100157, 6
0.140786, 18
0.090142, 6
0.132590, 18
0.081127, 6
0.124887, 18
0.073015, 6
0.126684, 18
0.065713, 6
0.132765, 18
0.059142, 6
0.138239, 18
0.053228, 6
0.143165, 18
0.047905, 6
0.140613, 18
0.043114, 9
0.145302, 18
0.038803, 12
0.136327, 18
0.034923, 15
0.131028, 18
0.121907, 18
0.131258, 18
0.118133, 18
0.106319, 15
0.095687, 12
0.086119, 9
0.218807, 18
0.077507, 9
0.069756, 9
0.062780, 9
0.056502, 9
0.196926, 15
0.050852, 9
0.045767, 9
0.041190, 9
0.037071, 9
0.033364, 9
0.030028, 9
0.027025, 9
0.024322, 9
0.021890, 9
0.177234, 12
0.019701, 9
0.017731, 9
0.015958, 9
0.014362, 9
0.012926, 9
0.011633, 9
0.010470, 9
0.009423, 9
0.008481, 9
0.007633, 9
0.159510, 9
0.006869, 9
0.006182, 9
0.005564, 9
0.005008, 9
0.004507, 9
0.143559, 6
0.004056, 9
0.129203, 6
0.009533, 9
0.116283, 6
0.008580, 12
0.104655, 6
0.007722, 15
0.094189, 6
0.025700, 18
0.084770, 6
0.095857, 21
0.076293, 6
0.152938, 21
0.068664, 6
0.145336, 18
0.061798, 6
0.130803, 18
0.055618, 6
0.123278, 18
0.050056, 6
0.118093, 18
0.045050, 6
0.112950, 18
0.040545, 9
0.114989, 18
0.036491, 12
0.116823, 18
0.032842, 15
0.117641, 18
0.122150, 18
0.105877, 18
0.194935, 18
0.100845, 18
0.178950, 15
0.101287, 18
0.161055, 12
0.097408, 18
0.144950, 9
0.098778, 18
0.130455, 9
0.094456, 18
0.117409, 9
0.105010, 18
0.105668, 9
0.100392, 18
0.095102, 9
0.113882, 18
0.085591, 9
0.114258, 18
0.077032, 9
0.114597, 18
0.069329, 9
0.109388, 18
0.062396, 9
0.104004, 18
0.056157, 9
0.113604, 18
0.050541, 9
0.114008, 18
0.045487, 9
0.120254, 18
0.040938, 12
0.124896, 18
0.036844, 15
0.137406, 18
0.125095, 18
0.131999, 18
0.210919, 18
0.132132, 18
0.191494, 15
0.123919, 18
0.172345, 12
0.121051, 18
0.155110, 9
0.121446, 18
0.139599, 6
0.125968, 18
0.125639, 6
0.127657, 18
0.113075, 6
0.132538, 18
0.101768, 6
0.131049, 18
0.091591, 6
0.137944, 18
0.082432, 6
0.129413, 18
0.074189, 6
0.136472, 18
0.066770, 6
0.144253, 18
0.060093, 6
0.136494, 18
0.054084, 6
0.129095, 18
0.048675, 6
0.134935, 18
0.043808, 9
0.127324, 18
0.039427, 12
0.125703, 18
0.035484, 15
0.125633, 18
0.123871, 18
0.131251, 18
0.209818, 18
0.130626, 18
0.190516, 15
0.136313, 18
0.171465, 12
0.133793, 18
0.154318, 9
0.140414, 18
0.138886, 6
0.140658, 18
0.124998, 6
0.133259, 18
0.112498, 6
0.135318, 18
0.101248, 6
0.121786, 18
0.091123, 6
0.138179, 18
0.082011, 6
0.124361, 18
0.073810, 6
0.123690, 18
0.066429, 6
0.116584, 18
0.059786, 6
0.128002, 18
0.053807, 6
0.130587, 18
0.048427, 6
0.142528, 18
0.043584, 9
0.147025, 18
0.039226, 12
0.143434, 18
0.035303, 15
0.145757, 18
0.125215, 18
0.131181, 18
0.207776, 18
0.125206, 18
0.188679, 15
0.118568, 18
0.169811, 12
0.111974, 18
0.152830, 9
0.106332, 18
0.137547, 6
0.107464, 18
0.123792, 6
0.096717, 18
0.111413, 6
0.098810, 18
0.100272, 6
0.100694, 18
0.090245, 6
0.096180, 18
0.081220, 6
0.093705, 18
0.073098, 6
0.096099, 18
0.065788, 6
0.097600, 18
0.059209, 6
0.101174, 18
0.053288, 6
0.102821, 18
0.047960, 6
0.104304, 18
0.043164, 9
0.107207, 18
0.038847, 12
0.108986, 18
0.034963, 15
0.123402, 18
0.105780, 18
0.104293, 18
0.204504, 18
0.186596, 15
0.106363, 18
0.167937, 12
0.114477, 18
0.151143, 9
0.129696, 18
0.136029, 6
0.123393, 18
0.122426, 6
0.122818, 18
0.110183, 6
0.116092, 18
0.099165, 6
0.116983, 18
0.089248, 6
0.105285, 18
0.080324, 6
0.116185, 18
0.072291, 6
0.109829, 18
0.065062, 6
0.125513, 18
0.058556, 6
0.118844, 18
0.052700, 6
0.113626, 18
0.047430, 6
0.112790, 18
0.042687, 9
0.120261, 18
0.038418, 12
0.126985, 18
0.034577, 15
0.133036, 18
0.123054, 18
0.119733, 18
0.107760, 18
0.096984, 18
0.087285, 15
0.078557, 12
0.070701, 9
0.222514, 18
0.063631, 9
0.057268, 9
0.051541, 9
0.046387, 9
0.041748, 9
0.037573, 9
0.033816, 9
0.030434, 9
0.027391, 9
0.024652, 9
0.200262, 15
0.022187, 9
0.019968, 9
0.180236, 12
0.017971, 9
0.162213, 9
0.016174, 12
0.145991, 6
0.014557, 15
0.131392, 6
0.055958, 18
0.118253, 6
0.065747, 18
0.106428, 6
0.071672, 18
0.095785, 6
0.085934, 18
0.086206, 6
0.090674, 18
0.077586, 6
0.081606, 18
0.069827, 6
0.079328, 18
0.062844, 6
0.098062, 18
0.056560, 6
0.101589, 18
0.050904, 6
0.091430, 18
0.045814, 6
0.098954, 18
0.041232, 9
0.105725, 18
0.037109, 12
0.101403, 18
0.033398, 15
0.091262, 18
0.120381, 18
0.105213, 18
0.203425, 18
0.100574, 18
0.184763, 15
0.104802, 18
0.166287, 12
0.094322, 18
0.149658, 9
0.102537, 18
0.134692, 9
0.092283, 18
0.121223, 9
0.100702, 18
0.109101, 9
0.102397, 18
0.098191, 9
0.105490, 18
0.088372, 9
0.079534, 9
0.112588, 18
0.071581, 9
0.113094, 18
0.064423, 9
0.113549, 18
0.057981, 9
0.113959, 18
0.052183, 9
0.102563, 18
0.046964, 9
0.103418, 18
0.042268, 12
0.104187, 18
0.038041, 15
0.104880, 18
0.126172, 18
0.094392, 18
0.211889, 18
0.084953, 18
0.192366, 15
0.094104, 18
0.173130, 12
0.084694, 18
0.155817, 9
0.102891, 18
0.140235, 6
0.131064, 18
0.126212, 6
0.131291, 18
0.113590, 6
0.139590, 18
0.102231, 6
0.147060, 18
0.092008, 6
0.139020, 18
0.082807, 6
0.136883, 18
0.074527, 6
0.137480, 18
0.067074, 6
0.135497, 18
0.060367, 6
0.148614, 18
0.054330, 6
0.140003, 18
0.048897, 6
0.146002, 18
0.044007, 9
0.137652, 18
0.039607, 12
0.129442, 18
0.035646, 15
0.128263, 18
0.124017, 18
0.132103, 18
0.209948, 18
0.132226, 18
0.190634, 15
0.135670, 18
0.171571, 12
0.127366, 18
0.154414, 9
0.119893, 18
0.138972, 6
0.115047, 18
0.125075, 6
0.124970, 18
0.112568, 6
0.124973, 18
0.101311, 6
0.131226, 18
0.091180, 6
0.124770, 18
0.082062, 6
0.117849, 18
0.073856, 6
0.111327, 18
0.066470, 6
0.106077, 18
0.059823, 6
0.120469, 18
0.053841, 6
0.120187, 18
0.048457, 6
0.113724, 18
0.043611, 9
0.114851, 18
0.039250, 12
0.114477, 18
0.035325, 15
0.103030, 18
0.122115, 18
0.117727, 18
0.204985, 18
0.111836, 18
0.187029, 15
0.111179, 18
0.168326, 12
0.105617, 18
0.151494, 9
0.095055, 18
0.136344, 6
0.102216, 18
0.122710, 6
0.097550, 18
0.110439, 6
0.093351, 18
0.099395, 6
0.102766, 18
0.089456, 6
0.105822, 18
0.080510, 6
0.100796, 18
0.072459, 6
0.106101, 18
0.065213, 6
0.115491, 18
0.058692, 6
0.110608, 18
0.052823, 6
0.119547, 18
0.047540, 6
0.119357, 18
0.042786, 9
0.132422, 18
0.038508, 12
0.034657, 15
0.119179, 18
0.118691, 18
0.114404, 18
0.102964, 18
0.203489, 18
0.184821, 15
0.098550, 18
0.166339, 12
0.107445, 18
0.149705, 9
0.115450, 18
0.134734, 9
0.116405, 18
0.121261, 9
0.117265, 18
0.109135, 9
0.110802, 18
0.098221, 9
0.111486, 18
0.088399, 9
0.112102, 18
0.079559, 9
0.113392, 18
0.071603, 9
0.113164, 18
0.064443, 9
0.123276, 18
0.057999, 9
0.122713, 18
0.052199, 9
0.137715, 18
0.123943, 18
0.046979, 9
0.111549, 15
0.100394, 12
0.042281, 9
0.090355, 9
0.081319, 9
0.073187, 9
0.065868, 9
0.059282, 9
0.053353, 9
0.048018, 9
0.043216, 9
0.038053, 9
0.038895, 9
0.035005, 9
0.031505, 9
0.028354, 9
0.025519, 9
0.022967, 9
0.020670, 9
0.034248, 9
0.018603, 9
0.030823, 9
0.016743, 12
0.027741, 12
0.015069, 15
0.024967, 15
0.030228, 18
0.111359, 18
0.068872, 21
0.196056, 18
0.128652, 21
0.178285, 15
0.184537, 21
0.160457, 12
0.201797, 18
0.144411, 9
0.187173, 15
0.129970, 9
0.168456, 12
0.116973, 9
0.151610, 9
0.105276, 9
0.140295, 6
0.094748, 9
0.126266, 6
0.085273, 9
0.117806, 6
0.076746, 9
0.106025, 6
0.069071, 9
0.099423, 6
0.062164, 9
0.093327, 6
0.055948, 9
0.083994, 6
0.050353, 9
0.075595, 6
0.045318, 9
0.076368, 6
0.040786, 12
0.068732, 6
0.036707, 15
0.061858, 6
0.120537, 18
0.055673, 6
0.206816, 18
0.050105, 6
0.189554, 15
0.045095, 6
0.170598, 12
0.045347, 9
0.153538, 9
0.040812, 12
0.138185, 6
0.036731, 15
0.124366, 6
0.038321, 18
0.111929, 6
0.107216, 21
0.100736, 6
0.196495, 21
0.090663, 6
0.183988, 18
0.081597, 6
0.165589, 15
0.073437, 6
0.149030, 12
0.066093, 6
0.140010, 12
0.059484, 6
0.126009, 12
0.053535, 6
0.113408, 12
0.048182, 6
0.102067, 12
0.043364, 9
0.091860, 12
0.039027, 12
0.082674, 12
0.035125, 15
0.074407, 12
0.122088, 18
0.066966, 12
0.203322, 18
0.060270, 12
0.185532, 15
0.054243, 12
0.166979, 12
0.048818, 12
0.150281, 9
0.043937, 15
0.135253, 6
0.045425, 18
0.121728, 6
0.140883, 21
0.109555, 6
0.226794, 21
0.098599, 6
0.209671, 18
0.088740, 6
0.188704, 15
0.079866, 6
0.169833, 12
0.071879, 6
0.152850, 9
0.064691, 6
0.137565, 6
0.058222, 6
0.153220, 6
0.052400, 6
0.142660, 6
0.047160, 6
0.128394, 6
0.042444, 9
0.115555, 6
0.038199, 12
0.107225, 6
0.034380, 15
0.096502, 6
0.122877, 18
0.086852, 6
0.205671, 18
0.078167, 6
0.187647, 15
0.073684, 6
0.168882, 12
0.066315, 6
0.151994, 9
0.068775, 6
0.136794, 6
0.061897, 6
0.123115, 6
0.083485, 6
0.110803, 6
0.090137, 6
0.099723, 6
0.086123, 6
0.089751, 6
0.099733, 6
0.080776, 6
0.099283, 6
0.072698, 6
0.089355, 6
0.065428, 6
0.085420, 6
0.058885, 6
0.076878, 6
0.052997, 6
0.074190, 6
0.047697, 6
0.074771, 6
0.042927, 9
0.067294, 6
0.038635, 12
0.060564, 6
0.034771, 15
0.054508, 6
0.120183, 18
0.049057, 6
0.203247, 18
0.048318, 9
0.186341, 15
0.043486, 12
0.167707, 12
0.039138, 15
0.150936, 9
0.051891, 18
0.135842, 6
0.060987, 18
0.122258, 6
0.079889, 18
0.110032, 6
0.085233, 18
0.099029, 6
0.089210, 18
0.089126, 6
0.092789, 18
0.080214, 6
0.100177, 18
0.072192, 6
0.111587, 18
0.064973, 6
0.106311, 18
0.058476, 6
0.111065, 18
0.052628, 6
0.112458, 18
0.047365, 6
0.101212, 18
0.042629, 9
0.096354, 18
0.038366, 12
0.034529, 15
0.097245, 18
0.099285, 18
0.118576, 18
0.205052, 18
0.104741, 18
0.187966, 15
0.106032, 18
0.169169, 12
0.106540, 18
0.152252, 9
0.107651, 18
0.137027, 6
0.111171, 18
0.123324, 6
0.107197, 18
0.110992, 6
0.104170, 18
0.110419, 18
0.099377, 18
0.089440, 15
0.080496, 12
0.072446, 9
0.065201, 9
0.099893, 6
0.058681, 9
0.052813, 9
0.047532, 9
0.042779, 9
0.038501, 9
0.034651, 9
0.031186, 9
0.028067, 9
0.025260, 9
0.022734, 9
0.089903, 6
0.020461, 9
0.018415, 9
0.016573, 9
0.014916, 9
0.013424, 9
0.012082, 9
0.010874, 9
0.009786, 9
0.008808, 9
0.007927, 9
0.080913, 6
0.007134, 9
0.006421, 9
0.005779, 9
0.005201, 9
0.004681, 9
0.004213, 9
0.003791, 9
0.003412, 9
0.003071, 9
0.002764, 9
0.072822, 6
0.002488, 9
0.002239, 9
0.002015, 9
0.001813, 9
0.001632, 9
0.001469, 9
0.001322, 9
0.001190, 9
0.001071, 9
0.000964, 9
0.065540, 6
0.000867, 9
0.000781, 9
0.000703, 9
0.000632, 9
0.000569, 9
0.000512, 9
0.000461, 9
0.000415, 9
0.000373, 9
0.000336, 9
0.058986, 6
0.000302, 9
0.000272, 9
0.000245, 9
0.000220, 9
0.000198, 9
0.000179, 9
0.000161, 9
0.000145, 9
0.000130, 9
0.000117, 9
0.053087, 6
0.000105, 9
0.000095, 9
0.000085, 9
0.000077, 9
0.000069, 9
0.000062, 9
0.000056, 9
0.000050, 9
0.000045, 9
0.000041, 9
0.047778, 6
0.000037, 9
0.000033, 9
0.000030, 9
0.000027, 9
0.000024, 9
0.000022, 9
0.000020, 9
0.000018, 9
0.000016, 9
0.000014, 9
0.043001, 6
0.000013, 9
0.000012, 9
0.000010, 9
0.000009, 9
0.000008, 9
0.000008, 9
0.000007, 9
0.000006, 9
0.000006, 9
0.000005, 9
0.038700, 6
0.000004, 9
0.000004, 9
0.000004, 9
0.000003, 9
0.000003, 9
0.000003, 9
0.000002, 9
0.000002, 9
0.000002, 9
0.000002, 9
0.034830, 6
0.000002, 9
0.000001, 9
0.000001, 9
0.000001, 9
0.000001, 9
0.000001, 9
