0.090000, 9
0.081000, 9
0.072900, 9
0.065610, 9
0.059049, 9
0.053144, 9
0.047830, 9
0.043047, 9
0.038742, 9
0.090000, 9
0.034868, 9
0.031381, 9
0.028243, 9
0.025419, 9
0.022877, 9
0.020589, 9
0.018530, 9
0.016677, 9
0.015009, 9
0.013509, 9
0.081000, 9
0.012158, 9
0.010942, 9
0.009848, 9
0.008863, 9
0.007977, 9
0.007179, 9
0.006461, 9
0.005815, 9
0.005233, 9
0.004710, 9
0.072900, 9
0.004239, 9
0.003815, 9
0.003434, 9
0.003090, 9
0.002781, 9
0.002503, 9
0.002253, 9
0.065610, 9
0.002028, 9
0.001825, 9
0.001642, 9
0.059049, 9
0.001478, 9
0.001330, 9
0.001197, 9
0.001078, 9
0.000970, 9
0.000873, 9
0.000786, 9
0.000707, 9
0.000636, 9
0.000573, 9
0.053144, 9
0.000515, 9
0.000464, 9
0.000417, 9
0.000376, 9
0.000338, 9
0.000304, 9
0.000274, 9
0.000247, 9
0.000222, 9
0.000200, 9
0.047830, 9
0.000180, 9
0.000162, 9
0.000146, 9
0.000131, 9
0.000118, 9
0.000106, 9
0.000096, 9
0.000086, 9
0.000077, 9
0.000070, 9
0.043047, 9
0.000063, 9
0.000056, 9
0.000051, 9
0.000046, 9
0.000041, 9
0.000037, 9
0.000033, 9
0.000030, 9
0.000027, 9
0.000024, 9
0.038742, 9
0.000022, 9
0.000020, 9
0.000018, 9
0.000016, 9
0.000014, 9
0.000013, 9
0.000012, 9
0.000010, 9
0.000009, 9
0.000008, 9
0.034868, 9
0.000008, 9
0.000007, 9
0.000006, 9
0.000006, 9
0.000005, 9
0.000004, 9
0.000004, 9
0.000004, 9
0.000003, 9
0.000003, 9
0.031381, 9
0.000003, 9
0.000002, 9
0.000002, 9
0.000002, 9
0.000002, 9
0.000002, 9
0.000001, 9
0.000001, 9
0.000001, 9
0.000001, 9
0.028243, 9
0.000001, 9
0.000001, 9
0.000001, 9
0.000001, 9
0.000001, 9
0.000001, 9
0.000000, 9
0.000000, 9
0.000000, 9
0.000000, 9
0.025419, 9
0.000000, 9
0.000000, 9
0.000000, 9
0.000000, 9
0.000000, 9
0.000000, 9
0.000000, 9
0.000000, 9
0.000000, 9
0.000000, 9
0.022877, 9
0.000000, 9
0.000000, 9
0.000000, 9
0.000000, 9
0.000000, 9
0.000000, 9
0.000000, 9
0.000000, 9
0.000000, 9
0.000000, 9
0.020589, 9
0.000000, 9
0.000000, 9
0.000000, 9
0.000000, 9
0.000000, 9
0.000000, 9
0.000000, 9
0.000000, 9
0.000000, 9
0.000000, 9
0.018530, 9
0.000000, 9
0.000000, 9
0.000000, 9
0.000000, 9
0.000000, 9
0.000000, 9
0.000000, 9
0.000000, 9
0.000000, 9
0.000000, 9
0.016677, 9
0.000000, 9
0.000000, 9
0.000000, 9
0.000000, 9
0.000000, 9
0.000000, 9
0.000000, 9
0.000000, 9
0.000000, 9
0.000000, 9
0.015009, 9
0.000000, 9
0.000000, 9
0.000000, 9
0.000000, 9
0.000000, 9
0.000000, 9
0.000000, 9
0.000000, 9
0.000000, 9
0.000000, 9
0.013509, 9
0.000000, 9
0.000000, 9
0.000000, 9
0.000000, 9
0.000000, 9
0.000000, 9
0.000000, 9
0.000000, 9
0.000000, 9
0.000000, 9
0.012158, 9
0.000000, 9
0.000000, 9
0.000000, 9
0.000000, 9
0.000000, 9
0.000000, 9
0.000000, 9
0.000000, 9
0.000000, 9
0.000000, 9
0.010942, 9
0.000000, 9
0.000000, 9
0.000000, 9
0.000000, 9
0.000000, 9
0.000000, 9
0.000000, 9
0.000000, 9
0.000000, 9
0.000000, 9
0.009848, 9
0.000000, 9
0.000000, 9
0.000000, 9
0.000000, 9
0.000000, 9
0.000000, 9
0.000000, 9
0.000000, 9
0.000000, 9
0.000000, 9
0.008863, 9
0.000000, 9
0.000000, 9
0.000000, 9
0.000000, 9
0.000000, 9
0.000000, 9
0.000000, 9
0.000000, 9
0.000000, 9
0.000000, 9
0.007977, 9
0.000000, 9
0.000000, 9
0.000000, 9
0.000000, 9
0.000000, 9
0.000000, 9
0.000000, 9
0.000000, 9
0.000000, 9
0.000000, 9
0.007179, 9
0.000000, 9
0.000000, 9
0.000000, 9
0.000000, 9
0.000000, 9
0.000000, 9
0.000000, 9
0.000000, 9
0.000000, 9
0.000000, 9
0.006461, 9
0.000000, 9
0.000000, 9
0.000000, 9
0.000000, 9
0.000000, 9
0.000000, 9
0.000000, 9
0.000000, 9
0.000000, 9
0.000000, 9
0.005815, 9
0.000000, 9
0.000000, 9
0.000000, 9
0.000000, 9
0.000000, 9
0.000000, 9
0.000000, 9
0.000000, 9
0.000000, 9
0.000000, 9
0.005233, 9
0.000000, 9
0.000000, 9
0.000000, 9
0.000000, 9
0.000000, 9
0.000000, 9
0.000000, 9
0.000000, 9
0.000000, 9
0.000000, 9
0.004710, 9
0.000000, 9
0.000000, 9
0.000000, 9
0.000000, 9
0.000000, 9
0.000000, 9
0.000000, 9
0.000000, 9
0.000000, 9
0.000000, 9
0.004239, 9
0.000000, 9
0.000000, 9
0.000000, 9
0.000000, 9
0.000000, 9
0.000000, 9
0.000000, 9
0.000000, 9
0.000000, 9
0.000000, 9
0.003815, 9
0.000000, 9
0.000000, 9
0.000000, 9
0.000000, 9
0.000000, 9
0.000000, 9
0.000000, 9
0.000000, 9
0.000000, 9
0.000000, 9
0.003434, 9
0.000000, 9
0.000000, 9
0.000000, 9
0.000000, 9
0.000000, 9
0.000000, 9
0.000000, 9
0.000000, 9
0.000000, 9
0.000000, 9
0.003090, 9
0.000000, 9
0.000000, 9
0.000000, 9
0.000000, 9
0.000000, 9
0.000000, 9
0.000000, 9
0.000000, 9
0.000000, 9
0.000000, 9
0.002781, 9
0.000000, 9
0.000000, 9
0.000000, 9
0.000000, 9
0.000000, 9
0.000000, 9
0.000000, 9
0.000000, 9
0.000000, 9
0.000000, 9
0.002503, 9
0.000000, 9
0.000000, 9
0.000000, 9
0.000000, 9
0.000000, 9
0.000000, 9
0.000000, 9
0.000000, 9
0.000000, 9
0.000000, 9
0.002253, 9
0.000000, 9
0.000000, 9
0.000000, 9
0.000000, 9
0.000000, 9
0.000000, 9
0.000000, 9
0.000000, 9
0.000000, 9
0.000000, 9
0.002028, 9
0.000000, 9
0.000000, 9
0.000000, 9
0.000000, 9
0.000000, 9
0.000000, 9
0.000000, 9
0.000000, 9
0.000000, 9
0.000000, 9
0.001825, 9
0.000000, 9
0.000000, 9
0.000000, 9
0.000000, 9
0.000000, 9
0.000000, 9
0.000000, 9
0.000000, 9
0.000000, 9
0.000000, 9
0.001642, 9
0.000000, 9
0.000000, 9
0.000000, 9
0.000000, 9
0.000000, 9
0.000000, 9
0.000000, 9
0.000000, 9
0.000000, 9
0.000000, 9
0.001478, 9
0.000000, 9
0.000000, 9
0.000000, 9
0.000000, 9
0.000000, 9
0.000000, 9
0.000000, 9
0.000000, 9
0.000000, 9
0.000000, 9
0.001330, 9
0.000000, 9
0.000000, 9
0.000000, 9
0.000000, 9
0.000000, 9
0.000000, 9
0.000000, 9
0.000000, 9
0.000000, 9
0.000000, 9
0.001197, 9
0.000000, 9
0.000000, 9
0.000000, 9
0.000000, 9
0.000000, 9
0.000000, 9
0.000000, 9
0.000000, 9
0.000000, 9
0.000000, 9
0.001078, 9
0.000000, 9
0.000000, 9
0.000000, 9
0.000000, 9
0.000000, 9
0.000000, 9
0.000000, 9
0.000000, 9
0.000000, 9
0.000000, 9
0.000970, 9
0.000000, 9
0.000000, 9
0.000000, 9
0.000000, 9
0.000000, 9
0.000000, 9
0.000000, 9
0.000000, 9
0.000000, 9
0.000000, 9
0.000873, 9
0.000000, 9
0.000000, 9
0.000000, 9
0.000000, 9
0.000000, 9
0.000000, 9
0.000000, 9
0.000000, 9
0.000000, 9
0.000000, 9
0.000786, 9
0.000000, 9
0.000000, 9
0.000000, 9
0.000000, 9
0.000000, 9
0.000000, 9
0.000000, 9
0.000000, 9
0.000000, 9
0.000000, 9
0.000707, 9
0.000000, 9
0.000000, 9
0.000000, 9
0.000000, 9
0.000000, 9
0.000000, 9
0.000000, 9
0.000000, 9
0.000000, 9
0.000000, 9
0.000636, 9
0.000000, 9
0.000000, 9
0.000000, 9
0.000000, 9
0.000000, 9
0.000000, 9
0.000000, 9
0.000000, 9
0.000000, 9
0.000000, 9
0.000573, 9
0.000000, 9
0.000000, 9
0.000000, 9
0.000000, 9
0.000000, 9
0.000000, 9
0.000000, 9
0.000000, 9
0.000000, 9
0.000000, 9
0.000515, 9
0.000000, 9
0.000000, 9
0.000000, 9
0.000000, 9
0.000000, 9
0.000000, 9
0.000000, 9
0.000000, 9
0.000000, 9
0.000000, 9
0.000464, 9
0.000000, 9
0.000000, 9
0.000000, 9
0.000000, 9
0.000000, 9
0.000000, 9
0.000000, 9
0.000000, 9
0.000000, 9
0.000000, 9
0.000417, 9
0.000000, 9
0.000000, 9
0.000000, 9
0.000000, 9
0.000000, 9
0.000000, 9
0.000000, 9
0.000000, 9
0.000000, 9
0.000000, 9
0.000376, 9
0.000000, 9
0.100000, 9
0.190000, 9
0.090000, 9
0.081000, 9
0.072900, 9
0.065610, 9
0.059049, 9
0.053144, 9
0.047830, 9
0.043047, 9
0.090000, 9
0.081000, 9
0.038742, 9
0.034868, 10
0.031381, 9
0.028243, 9
0.072900, 9
0.025419, 9
0.022877, 9
0.065610, 9
0.020589, 9
0.018530, 10
0.016677, 11
0.015009, 10
0.059049, 9
0.013509, 9
0.012158, 9
0.010942, 9
0.009848, 9
0.053144, 9
0.008863, 9
0.007977, 9
0.007179, 9
0.006461, 9
0.005815, 9
0.005233, 9
0.004710, 9
0.004239, 9
0.003815, 9
0.003434, 9
0.047830, 9
0.003090, 9
0.002781, 9
0.002503, 9
0.002253, 9
0.002028, 9
0.001825, 9
0.043047, 9
0.001642, 9
0.001478, 10
0.001330, 9
0.038742, 9
0.001197, 9
0.001078, 9
0.000970, 9
0.000873, 9
0.000786, 9
0.000707, 9
0.000636, 9
0.000573, 9
0.000515, 9
0.000464, 9
0.034868, 9
0.000417, 9
0.000376, 9
0.000338, 9
0.000304, 9
0.000274, 9
0.000247, 9
0.000222, 9
0.000200, 9
0.000180, 9
0.000162, 9
0.031381, 9
0.000146, 9
0.000131, 9
0.000118, 9
0.000106, 9
0.000096, 9
0.000086, 9
0.000077, 9
0.000070, 9
0.000063, 9
0.000056, 9
0.028243, 9
0.000051, 9
0.000046, 9
0.000041, 9
0.000037, 9
0.000033, 9
0.000030, 9
0.000027, 9
0.000024, 9
0.000022, 9
0.000020, 9
0.025419, 9
0.000018, 9
0.000016, 9
0.000014, 9
0.000013, 9
0.000012, 9
0.000010, 9
0.000009, 9
0.000008, 9
0.000008, 9
0.000007, 9
0.022877, 9
0.000006, 9
0.000006, 9
0.000005, 9
0.000004, 9
0.000004, 9
0.000004, 9
0.000003, 9
0.000003, 9
0.000003, 9
0.000002, 9
0.020589, 9
0.000002, 9
0.000002, 9
0.018530, 9
0.000002, 9
0.000002, 9
0.000001, 9
0.000001, 9
0.000001, 9
0.000001, 9
0.000001, 9
0.000001, 9
0.016677, 9
0.000001, 9
0.000001, 9
0.000001, 9
0.000001, 9
0.000000, 9
0.000000, 9
0.000000, 9
0.000000, 9
0.000000, 9
0.000000, 9
0.015009, 9
0.000000, 9
0.000000, 9
0.000000, 9
0.000000, 9
0.000000, 9
0.000000, 9
0.000000, 9
0.000000, 9
0.000000, 9
0.000000, 9
0.013509, 9
0.000000, 9
0.000000, 9
0.000000, 9
0.000000, 9
0.000000, 9
0.000000, 9
0.000000, 9
0.000000, 9
0.000000, 9
0.000000, 9
0.012158, 9
0.000000, 9
0.000000, 9
0.000000, 9
0.000000, 9
0.000000, 9
0.000000, 9
0.000000, 9
0.000000, 9
0.000000, 9
0.000000, 9
0.010942, 9
0.000000, 9
0.000000, 9
0.000000, 9
0.000000, 9
0.000000, 9
0.000000, 9
0.000000, 9
0.000000, 9
0.000000, 9
0.000000, 9
0.009848, 9
0.000000, 9
0.000000, 9
0.000000, 9
0.000000, 9
0.000000, 9
0.000000, 9
0.000000, 9
0.000000, 9
0.000000, 9
0.000000, 9
0.008863, 9
0.000000, 9
0.000000, 9
0.000000, 9
0.000000, 9
0.000000, 9
0.000000, 9
0.000000, 9
0.000000, 9
0.000000, 9
0.000000, 9
0.007977, 9
0.000000, 9
0.000000, 9
0.000000, 9
0.000000, 9
0.000000, 9
0.000000, 9
0.000000, 9
0.000000, 9
0.000000, 9
0.000000, 9
0.007179, 9
0.000000, 9
0.000000, 9
0.000000, 9
0.000000, 9
0.000000, 9
0.000000, 9
0.000000, 9
0.000000, 9
0.000000, 9
0.000000, 9
0.006461, 9
0.000000, 9
0.000000, 9
0.000000, 9
0.000000, 9
0.000000, 9
0.000000, 9
0.000000, 9
0.000000, 9
0.000000, 9
0.000000, 9
0.005815, 9
0.000000, 9
0.000000, 9
0.000000, 9
0.000000, 9
0.000000, 9
0.000000, 9
0.000000, 9
0.000000, 9
0.000000, 9
0.000000, 9
0.005233, 9
0.000000, 9
0.000000, 9
0.000000, 9
0.000000, 9
0.000000, 9
0.000000, 9
0.000000, 9
0.000000, 9
0.000000, 9
0.000000, 9
0.004710, 9
0.000000, 9
0.000000, 9
0.000000, 9
0.000000, 9
0.000000, 9
0.000000, 9
0.000000, 9
0.000000, 9
0.000000, 9
0.000000, 9
0.004239, 9
0.000000, 9
0.000000, 9
0.000000, 9
0.000000, 9
0.000000, 9
0.000000, 9
0.000000, 9
0.000000, 9
0.000000, 9
0.000000, 9
0.003815, 9
0.000000, 9
0.000000, 9
0.000000, 9
0.000000, 9
0.000000, 9
0.000000, 9
0.000000, 9
0.000000, 9
0.000000, 9
0.000000, 9
0.003434, 9
0.000000, 9
0.000000, 9
0.000000, 9
0.000000, 9
0.000000, 9
0.000000, 9
0.000000, 9
0.000000, 9
0.000000, 9
0.000000, 9
0.003090, 9
0.000000, 9
0.000000, 9
0.000000, 9
0.000000, 9
0.000000, 9
0.000000, 9
0.000000, 9
0.000000, 9
0.000000, 9
0.000000, 9
0.002781, 9
0.000000, 9
0.000000, 9
0.000000, 9
0.000000, 9
0.000000, 9
0.000000, 9
0.000000, 9
0.000000, 9
0.000000, 9
0.000000, 9
0.002503, 9
0.000000, 9
0.000000, 9
0.000000, 9
0.000000, 9
0.000000, 9
0.000000, 9
0.000000, 9
0.000000, 9
0.000000, 9
0.000000, 9
0.002253, 9
0.000000, 9
0.000000, 9
0.000000, 9
0.000000, 9
0.000000, 9
0.000000, 9
0.000000, 9
0.000000, 9
0.000000, 9
0.000000, 9
0.002028, 9
0.000000, 9
0.000000, 9
0.000000, 9
0.000000, 9
0.000000, 9
0.000000, 9
0.000000, 9
0.000000, 9
0.000000, 9
0.000000, 9
0.001825, 9
0.000000, 9
0.000000, 9
0.000000, 9
0.000000, 9
0.000000, 9
0.000000, 9
0.000000, 9
0.000000, 9
0.000000, 9
0.000000, 9
0.001642, 9
0.000000, 9
0.000000, 9
0.000000, 9
0.000000, 9
0.000000, 9
0.000000, 9
0.000000, 9
0.000000, 9
0.000000, 9
0.000000, 9
0.001478, 9
0.000000, 9
0.000000, 9
0.000000, 9
0.000000, 9
0.000000, 9
0.000000, 9
0.000000, 9
0.000000, 9
0.000000, 9
0.000000, 9
0.001330, 9
0.000000, 9
0.000000, 9
0.000000, 9
0.000000, 9
0.000000, 9
0.000000, 9
0.000000, 9
0.000000, 9
0.000000, 9
0.000000, 9
0.001197, 9
0.000000, 9
0.000000, 9
0.000000, 9
0.000000, 9
0.000000, 9
0.000000, 9
0.000000, 9
0.000000, 9
0.000000, 9
0.000000, 9
0.001078, 9
0.000000, 9
0.000000, 9
0.000000, 9
0.000000, 9
0.000000, 9
0.000000, 9
0.000000, 9
0.000000, 9
0.000000, 9
0.000000, 9
0.000970, 9
0.000000, 9
0.000000, 9
0.000000, 9
0.000000, 9
0.000000, 9
0.000000, 9
0.000000, 9
0.000000, 9
0.000000, 9
0.000000, 9
0.000873, 9
0.000000, 9
0.000000, 9
0.000000, 9
0.000000, 9
0.000000, 9
0.000000, 9
0.000000, 9
0.000000, 9
0.000000, 9
0.000000, 9
0.000786, 9
0.000000, 9
0.000000, 9
0.000000, 9
0.000000, 9
0.000000, 9
0.000000, 9
0.000000, 9
0.000000, 9
0.000000, 9
0.000000, 9
0.000707, 9
0.000000, 9
0.000000, 9
0.000000, 9
0.000000, 9
0.000000, 9
0.000000, 9
0.000000, 9
0.000000, 9
0.000000, 9
0.000000, 9
0.000636, 9
0.000000, 9
0.000000, 9
0.000000, 9
0.000000, 9
0.000000, 9
0.000000, 9
0.000000, 9
0.000000, 9
0.000000, 9
0.000000, 9
0.000573, 9
0.000000, 9
0.000000, 9
0.000000, 9
0.000000, 9
0.000000, 9
0.000000, 9
0.000000, 9
0.000000, 9
0.000000, 9
0.000000, 9
0.000515, 9
0.000000, 9
0.000000, 9
0.000000, 9
0.000000, 9
0.000000, 9
0.000000, 9
0.000000, 9
0.000000, 9
0.000000, 9
0.000000, 9
0.000464, 9
0.000000, 9
0.000000, 9
0.000000, 9
0.000000, 9
0.000000, 9
0.000000, 9
0.000000, 9
0.000000, 9
0.000000, 9
0.000000, 9
0.000417, 9
0.000000, 9
0.000000, 9
0.000000, 9
0.000000, 9
0.000000, 9
0.000000, 9
0.000000, 9
0.000000, 9
0.000000, 9
0.000000, 9
0.000376, 9
0.000000, 9
0.000000, 9
0.000000, 9
0.000000, 9
0.000000, 9
0.000000, 9
0.000000, 9
0.000000, 9
0.000000, 9
0.000000, 9
0.000338, 9
0.000000, 9
0.000000, 9
0.000000, 9
0.000000, 9
0.000000, 9
0.000000, 9
0.000000, 9
0.000000, 9
0.000000, 9
0.000000, 9
0.000304, 9
0.000000, 9
0.000000, 9
0.000000, 9
0.000000, 9
0.000000, 9
0.000000, 9
0.000000, 9
0.000000, 9
0.000000, 9
0.000000, 9
0.000274, 9
0.000000, 9
0.000000, 9
0.000000, 9
0.000000, 9
0.000000, 9
0.000000, 9
0.000000, 9
0.000000, 9
0.000000, 9
0.000000, 9
0.000247, 9
0.000000, 9
0.000000, 9
0.000000, 9
0.000000, 9
0.000000, 9
0.000000, 9
0.000000, 9
0.000000, 9
0.000000, 9
0.000000, 9
0.000222, 9
0.000000, 9
0.000000, 9
0.000000, 9
0.000000, 9
0.000000, 9
0.000000, 9
0.000000, 9
0.000000, 9
0.000000, 9
0.000000, 9
0.000200, 9
0.000000, 9
0.000000, 9
0.000000, 9
0.000000, 9
0.000000, 9
0.000000, 9
0.000000, 9
0.000000, 9
0.000000, 9
0.000000, 9
0.000180, 9
0.000000, 9
0.000000, 9
0.000000, 9
0.000000, 9
0.000000, 9
0.000000, 9
0.000000, 9
0.000000, 9
0.000000, 9
0.000000, 9
0.000162, 9
0.000000, 9
0.000000, 9
0.000000, 9
0.000000, 9
0.000000, 9
0.000000, 9
0.000000, 9
0.000000, 9
0.000000, 9
0.000000, 9
0.000146, 9
0.000000, 9
0.000000, 9
0.000000, 9
0.000000, 9
0.000000, 9
0.000000, 9
0.000000, 9
0.000000, 9
0.000000, 9
0.000000, 9
0.000131, 9
0.000000, 9
0.000000, 9
0.000000, 9
0.000000, 9
0.000000, 9
0.000000, 9
0.000000, 9
0.000000, 9
0.000000, 9
0.000000, 9
0.000118, 9
0.000000, 9
0.000000, 9
0.000000, 9
0.000000, 9
0.000000, 9
0.000000, 9
0.000000, 9
0.000000, 9
0.000000, 9
0.000000, 9
0.000106, 9
0.000000, 9
0.000000, 9
0.000000, 9
0.000000, 9
0.000000, 9
0.000000, 9
0.000000, 9
0.000000, 9
0.000000, 9
0.000000, 9
0.000096, 9
0.000000, 9
0.000000, 9
0.000000, 9
0.000000, 9
0.000000, 9
0.000000, 9
0.000000, 9
0.000000, 9
0.000000, 9
0.000000, 9
0.000086, 9
0.000000, 9
0.000000, 9
0.000000, 9
0.000000, 9
0.000000, 9
0.000000, 9
0.000000, 9
0.000000, 9
0.000000, 9
0.000000, 9
0.000077, 9
0.000000, 9
0.000000, 9
0.000000, 9
0.000000, 9
0.000000, 9
0.000000, 9
0.000000, 9
0.000000, 9
0.000000, 9
0.000000, 9
0.000070, 9
0.000000, 9
0.000000, 9
0.000000, 9
0.000000, 9
0.000000, 9
0.000000, 9
0.000000, 9
0.000000, 9
0.000000, 9
0.000000, 9
0.000063, 9
0.000000, 9
0.000000, 9
0.000000, 9
0.000000, 9
0.000000, 9
0.000000, 9
0.000000, 9
0.000000, 9
0.000000, 9
0.000000, 9
0.000056, 9
0.000000, 9
0.000000, 9
0.000000, 9
0.000000, 9
0.000000, 9
0.000000, 9
0.000000, 9
0.000000, 9
0.000000, 9
0.000000, 9
0.000051, 9
0.000000, 9
0.000000, 9
0.000000, 9
0.000000, 9
0.000000, 9
0.000000, 9
0.000000, 9
0.000000, 9
0.000000, 9
0.000000, 9
0.000046, 9
0.000000, 9
0.000000, 9
0.000000, 9
0.000000, 9
0.000000, 9
0.000000, 9
0.000000, 9
0.000000, 9
0.000000, 9
0.000000, 9
0.000041, 9
0.000000, 9
0.000000, 9
0.000000, 9
0.000000, 9
0.000000, 9
0.000000, 9
0.000000, 9
0.000000, 9
0.000000, 9
0.000000, 9
0.000037, 9
0.000000, 9
0.000000, 9
0.000000, 9
0.000000, 9
0.000000, 9
0.000000, 9
0.000000, 9
0.000000, 9
0.000000, 9
0.000000, 9
0.000033, 9
0.000000, 9
0.000000, 9
0.000000, 9
0.000000, 9
0.000000, 9
0.000000, 9
0.000000, 9
0.000000, 9
0.000000, 9
0.000000, 9
0.000030, 9
0.000000, 9
0.000000, 9
0.000000, 9
0.000000, 9
0.000000, 9
0.000000, 9
0.000000, 9
0.000000, 9
0.000000, 9
0.000000, 9
0.000027, 9
0.000000, 9
0.000000, 9
0.000000, 9
0.000000, 9
0.000000, 9
0.000000, 9
0.000000, 9
0.000000, 9
0.000000, 9
0.000000, 9
0.000024, 9
0.000000, 9
0.000000, 9
0.000000, 9
0.000000, 9
0.000000, 9
0.000000, 9
0.000000, 9
0.000000, 9
0.000000, 9
0.000000, 9
0.000022, 9
0.000000, 9
0.000000, 9
0.000000, 9
0.000000, 9
0.000000, 9
0.000000, 9
0.000000, 9
0.000000, 9
0.000000, 9
0.000000, 9
0.000020, 9
0.000000, 9
0.000000, 9
0.000018, 9
0.000000, 9
0.000000, 10
0.000000, 9
0.000000, 9
0.000000, 9
0.000000, 9
0.000000, 9
0.000000, 9
0.000016, 9
0.000000, 9
0.000000, 9
0.000000, 9
0.000000, 9
0.000000, 9
0.000000, 9
0.000000, 9
0.000000, 9
0.000000, 9
0.000000, 9
0.000014, 9
0.000000, 9
0.000000, 9
0.000000, 9
0.000000, 9
0.000000, 9
0.000000, 9
0.000000, 9
0.000000, 9
0.000000, 9
0.000000, 9
0.000013, 9
0.000000, 9
0.000000, 9
0.000000, 9
0.000000, 9
0.000000, 9
0.000000, 9
0.000000, 9
0.000000, 9
0.000000, 9
0.000000, 9
0.000012, 9
0.000000, 9
0.000000, 9
0.000000, 9
0.000000, 9
0.000000, 9
0.000000, 9
0.000000, 9
0.000000, 9
0.000000, 9
0.000000, 9
0.000010, 9
0.000000, 9
0.000000, 9
0.000000, 9
0.000000, 9
0.000000, 9
0.000000, 9
0.000000, 9
0.000000, 9
0.000000, 9
0.000000, 9
0.000009, 9
0.000000, 9
0.000000, 9
0.000000, 9
0.000000, 9
0.000000, 9
0.000000, 9
0.000000, 9
0.000000, 9
0.000000, 9
0.000000, 9
0.000008, 9
0.000000, 9
0.000000, 9
0.000000, 9
0.000000, 9
0.000000, 9
0.000000, 9
0.000000, 9
0.000000, 9
0.000000, 9
0.000000, 9
0.000008, 9
0.000000, 9
0.000000, 9
0.000000, 9
0.000000, 9
0.000000, 9
0.000000, 9
0.000000, 9
0.000000, 9
0.000000, 9
0.000000, 9
0.000007, 9
0.000000, 9
0.000000, 9
0.000000, 9
0.000000, 9
0.000000, 9
0.000000, 9
0.000000, 9
0.000000, 9
0.000000, 9
0.000000, 9
0.000006, 9
0.000000, 9
0.000000, 9
0.000000, 9
0.000000, 9
0.000000, 9
0.000000, 9
0.000000, 9
0.000000, 9
0.000000, 9
0.000000, 9
0.000006, 9
0.000000, 9
0.000000, 9
0.000000, 9
0.000000, 9
0.000000, 9
0.000000, 9
0.000000, 9
0.000000, 9
0.000000, 9
0.000000, 9
0.000005, 9
0.000000, 9
0.000000, 9
0.000000, 9
0.000000, 9
0.000000, 9
0.000000, 9
0.000000, 9
0.000000, 9
0.000000, 9
0.000000, 9
0.000004, 9
0.000000, 9
0.000000, 9
0.000000, 9
0.000000, 9
0.000000, 9
0.000000, 9
0.000000, 9
0.000000, 9
0.000000, 9
0.000000, 9
0.000004, 9
0.000000, 9
0.000000, 9
0.000000, 9
0.000000, 9
0.000000, 9
0.000000, 9
0.000000, 9
0.000000, 9
0.000000, 9
0.000000, 9
0.000004, 9
0.000000, 9
0.000000, 9
0.000000, 9
0.000000, 9
0.000000, 9
0.000000, 9
0.000000, 9
0.000000, 9
0.000000, 9
0.000000, 9
0.000003, 9
0.000000, 9
0.000000, 9
0.000000, 9
0.000000, 9
0.000000, 9
0.000000, 9
0.000000, 9
0.000000, 9
0.000000, 9
0.000000, 9
0.000003, 9
0.000000, 9
0.000000, 9
0.000000, 9
0.000000, 9
0.000000, 9
0.000000, 9
0.000000, 9
0.000000, 9
0.000000, 9
0.000000, 9
0.000003, 9
0.000000, 9
0.000000, 9
0.000000, 9
0.000000, 9
0.000000, 9
0.000000, 9
0.000000, 9
0.000000, 9
0.000000, 9
0.000000, 9
0.000002, 9
0.000000, 9
0.000000, 9
0.000000, 9
0.000000, 9
0.000000, 9
0.000000, 9
0.000000, 9
0.000000, 9
0.000000, 9
0.000000, 9
0.000002, 9
0.000000, 9
0.000000, 9
0.000000, 9
0.000000, 9
0.000000, 9
0.000000, 9
0.000000, 9
0.000000, 9
0.000000, 9
0.000000, 9
0.000002, 9
0.000000, 9
0.000000, 9
0.000000, 9
0.000000, 9
0.000000, 9
0.000000, 9
0.000000, 9
0.000000, 9
0.000000, 9
0.000000, 9
0.000002, 9
0.000000, 9
0.000000, 9
0.000000, 9
0.000000, 9
0.000000, 9
0.000000, 9
0.000000, 9
0.000000, 9
0.000000, 9
0.000000, 9
0.000002, 9
0.000000, 9
0.000000, 9
0.000000, 9
0.000000, 9
0.000000, 9
0.000000, 9
0.000000, 9
0.000000, 9
0.000000, 9
0.000000, 9
0.000001, 9
0.000000, 9
0.000000, 9
0.000000, 9
0.000000, 9
0.000000, 9
0.000000, 9
0.000000, 9
0.000000, 9
0.000000, 9
0.000000, 9
0.000001, 9
0.000000, 9
0.000000, 9
0.000000, 9
0.000000, 9
0.000000, 9
0.000000, 9
0.000000, 9
0.000000, 9
0.000000, 9
0.000000, 9
0.000001, 9
0.000000, 9
0.000000, 9
0.000000, 9
0.000000, 9
0.000000, 9
0.000000, 9
0.000000, 9
0.000000, 9
0.000000, 9
0.000000, 9
0.000001, 9
0.000000, 9
0.000000, 9
0.000000, 9
0.000000, 9
0.000000, 9
0.000000, 9
0.000000, 9
0.000000, 9
0.000000, 9
0.000000, 9
0.000001, 9
0.000000, 9
0.000000, 9
0.000000, 9
0.000000, 9
0.000000, 9
0.000000, 9
0.000000, 9
0.000000, 9
0.000000, 9
0.000000, 9
0.000001, 9
0.000000, 9
0.000000, 9
0.000000, 9
0.000000, 9
0.000000, 9
0.000000, 9
0.000000, 9
0.000000, 9
0.000000, 9
0.000000, 9
0.000001, 9
0.000000, 9
0.000000, 9
0.000000, 9
0.000000, 9
0.000000, 9
0.000000, 9
0.000000, 9
0.000000, 9
0.000000, 9
0.000000, 9
0.000001, 9
0.000000, 9
0.000000, 9
0.000000, 9
0.000000, 9
0.000000, 9
0.000000, 9
0.000000, 9
0.000000, 9
0.000000, 9
0.000000, 9
0.000001, 9
0.000000, 9
0.000000, 9
0.000000, 9
0.000000, 9
0.000000, 9
0.000000, 9
0.000000, 9
0.000000, 9
0.000000, 9
0.000000, 9
0.000001, 9
0.000000, 9
0.000000, 9
0.000000, 9
0.000000, 9
0.000000, 9
0.000000, 9
0.000000, 9
0.000000, 9
0.000000, 9
0.000000, 9
0.000000, 9
0.000000, 9
0.000000, 9
0.000000, 9
0.000000, 9
0.000000, 9
0.000000, 9
0.000000, 9
0.000000, 9
0.000000, 9
0.000000, 9
0.000000, 9
0.000000, 9
0.000000, 9
0.000000, 9
0.000000, 9
0.000000, 9
0.000000, 9
0.000000, 9
0.000000, 9
0.000000, 9
0.000000, 9
0.000000, 9
0.000000, 9
0.000000, 9
0.000000, 9
0.000000, 9
0.000000, 9
0.000000, 9
0.000000, 9
0.000000, 9
0.000000, 9
0.000000, 9
0.000000, 9
0.000000, 9
0.000000, 9
0.000000, 9
0.000000, 9
0.000000, 9
0.000000, 9
0.000000, 9
0.000000, 9
0.000000, 9
0.000000, 9
0.000000, 9
0.000000, 9
0.000000, 9
0.000000, 9
0.000000, 9
0.000000, 9
0.000000, 9
0.000000, 9
0.000000, 9
0.000000, 9
0.000000, 9
0.000000, 9
0.000000, 9
0.000000, 9
0.000000, 9
0.000000, 9
0.000000, 9
0.000000, 9
0.000000, 9
0.000000, 9
0.000000, 9
0.000000, 9
0.000000, 9
0.000000, 9
0.000000, 9
0.000000, 9
0.000000, 9
0.000000, 9
0.000000, 9
0.000000, 9
0.000000, 9
0.000000, 9
0.000000, 9
0.000000, 9
0.000000, 9
0.000000, 9
0.000000, 9
0.000000, 9
0.000000, 9
0.000000, 9
0.000000, 9
0.000000, 9
0.000000, 9
0.000000, 9
0.000000, 9
0.000000, 9
0.000000, 9
0.000000, 9
0.000000, 9
0.000000, 9
0.000000, 9
0.000000, 9
0.000000, 9
0.000000, 9
0.000000, 9
0.000000, 9
0.000000, 9
0.000000, 9
0.000000, 9
0.000000, 9
0.000000, 9
0.000000, 9
0.000000, 9
0.000000, 9
0.000000, 9
0.000000, 9
0.000000, 9
0.000000, 9
0.000000, 9
0.000000, 9
0.000000, 9
0.000000, 9
0.000000, 9
0.000000, 9
0.000000, 9
0.000000, 9
0.000000, 9
0.000000, 9
0.000000, 9
0.000000, 9
0.000000, 9
0.000000, 9
0.000000, 9
0.000000, 9
0.000000, 9
0.000000, 9
0.000000, 9
0.000000, 9
0.000000, 9
0.000000, 9
0.000000, 9
0.000000, 9
0.000000, 9
0.000000, 9
0.000000, 9
0.000000, 9
0.000000, 9
0.000000, 9
0.000000, 9
0.000000, 9
0.000000, 9
0.000000, 9
0.000000, 9
0.000000, 9
0.000000, 9
0.000000, 9
0.000000, 9
0.000000, 9
0.000000, 9
0.000000, 9
0.000000, 9
0.000000, 9
0.000000, 9
0.000000, 9
0.000000, 9
0.000000, 9
0.000000, 9
0.000000, 9
0.000000, 9
0.000000, 9
0.000000, 9
0.000000, 9
0.000000, 9
0.000000, 9
0.000000, 9
0.000000, 9
0.000000, 9
0.000000, 9
0.000000, 9
0.000000, 9
0.000000, 9
0.000000, 9
0.000000, 9
0.000000, 9
0.000000, 9
0.000000, 9
0.000000, 9
0.000000, 9
0.000000, 9
0.000000, 9
0.000000, 9
0.000000, 9
0.000000, 9
0.000000, 9
0.000000, 9
0.000000, 9
0.000000, 9
0.000000, 9
0.000000, 9
0.000000, 9
0.000000, 9
0.000000, 9
0.000000, 9
0.000000, 9
0.000000, 9
0.000000, 9
0.000000, 9
0.000000, 9
0.000000, 9
0.000000, 9
0.000000, 9
0.000000, 9
0.000000, 9
0.000000, 9
0.000000, 9
0.000000, 9
0.000000, 9
0.000000, 9
0.000000, 9
0.000000, 9
0.000000, 9
0.000000, 9
0.000000, 9
0.000000, 9
0.000000, 9
0.000000, 9
0.000000, 9
0.000000, 9
0.000000, 9
0.000000, 9
0.000000, 9
0.000000, 9
0.000000, 9
0.000000, 9
0.000000, 9
0.000000, 9
0.000000, 9
0.000000, 9
0.000000, 9
0.000000, 9
0.000000, 9
0.000000, 9
0.000000, 9
0.000000, 9
0.000000, 9
0.000000, 9
0.000000, 9
0.000000, 9
0.000000, 9
0.000000, 9
0.000000, 9
0.000000, 9
0.000000, 9
0.000000, 9
0.000000, 9
0.000000, 9
0.000000, 9
0.000000, 9
0.000000, 9
0.000000, 9
0.000000, 9
0.000000, 9
0.000000, 9
0.000000, 9
0.000000, 9
0.000000, 9
0.000000, 9
0.000000, 9
0.000000, 9
0.000000, 9
0.000000, 9
0.000000, 9
0.000000, 9
0.000000, 9
0.000000, 9
0.000000, 9
0.000000, 9
0.000000, 9
0.000000, 9
0.000000, 9
0.000000, 9
0.000000, 9
0.000000, 9
0.000000, 9
0.000000, 9
0.000000, 9
0.000000, 9
0.000000, 9
0.000000, 9
0.000000, 9
0.000000, 9
0.000000, 9
0.000000, 9
0.000000, 9
0.000000, 9
0.000000, 9
0.000000, 9
0.000000, 9
0.000000, 9
0.000000, 9
0.000000, 9
0.000000, 9
0.000000, 9
0.000000, 9
0.000000, 9
0.000000, 9
0.000000, 9
0.000000, 9
0.000000, 9
0.000000, 9
0.000000, 9
0.000000, 9
0.000000, 9
0.000000, 9
0.000000, 9
0.000000, 9
0.000000, 9
0.000000, 9
0.000000, 9
0.000000, 9
0.000000, 9
0.000000, 9
0.000000, 9
0.000000, 9
0.000000, 9
0.000000, 9
0.000000, 9
0.000000, 9
0.000000, 9
0.000000, 9
0.000000, 9
0.000000, 9
0.000000, 9
0.000000, 9
0.000000, 9
0.000000, 9
0.000000, 9
0.000000, 9
0.000000, 9
0.000000, 9
0.000000, 9
0.000000, 9
0.000000, 9
0.000000, 9
0.000000, 9
0.000000, 9
0.000000, 9
0.000000, 9
0.000000, 9
0.000000, 9
0.000000, 9
0.000000, 9
0.000000, 9
0.000000, 9
0.000000, 9
0.000000, 9
0.000000, 9
0.000000, 9
0.000000, 9
0.000000, 9
0.000000, 9
0.000000, 9
0.000000, 9
0.000000, 9
0.000000, 9
0.000000, 9
0.000000, 9
0.000000, 9
0.000000, 9
0.000000, 9
0.000000, 9
0.000000, 9
0.000000, 9
0.000000, 9
0.000000, 9
0.000000, 9
0.000000, 9
0.000000, 9
0.000000, 9
0.000000, 9
0.000000, 9
0.000000, 9
0.000000, 9
0.000000, 9
0.000000, 9
0.000000, 9
0.000000, 9
0.000000, 9
0.000000, 9
0.000000, 9
0.000000, 9
0.000000, 9
0.000000, 9
0.000000, 9
0.000000, 9
0.000000, 9
0.000000, 9
0.000000, 9
0.000000, 9
0.000000, 9
0.000000, 9
0.000000, 9
0.000000, 9
0.000000, 9
0.000000, 9
0.000000, 9
0.000000, 9
0.000000, 9
0.000000, 9
0.000000, 9
0.000000, 9
0.000000, 9
0.000000, 9
0.000000, 9
0.000000, 9
0.000000, 9
0.000000, 9
0.000000, 9
0.000000, 9
0.000000, 9
0.000000, 9
0.000000, 9
0.000000, 9
0.000000, 9
0.000000, 9
0.000000, 9
0.000000, 9
0.000000, 9
0.000000, 9
0.000000, 9
0.000000, 9
0.000000, 9
0.000000, 9
0.000000, 9
0.000000, 9
0.000000, 9
0.000000, 9
0.000000, 9
0.000000, 9
0.000000, 9
0.000000, 9
0.000000, 9
0.000000, 9
0.000000, 9
0.000000, 9
0.000000, 9
0.000000, 9
0.000000, 9
0.000000, 9
0.000000, 9
0.000000, 9
0.000000, 9
0.000000, 9
0.000000, 9
0.000000, 9
0.000000, 9
0.000000, 9
0.000000, 9
0.000000, 9
0.000000, 9
0.000000, 9
0.000000, 9
0.000000, 9
0.000000, 9
0.000000, 9
0.000000, 9
0.000000, 9
0.000000, 9
0.000000, 9
0.000000, 9
0.000000, 9
0.000000, 9
0.000000, 9
0.000000, 9
0.000000, 9
0.000000, 9
0.000000, 9
0.000000, 9
0.000000, 9
0.000000, 9
0.000000, 9
0.000000, 9
0.000000, 9
0.000000, 9
0.000000, 9
0.000000, 9
0.000000, 9
0.000000, 9
0.000000, 9
0.000000, 9
0.000000, 9
0.000000, 9
0.000000, 9
0.000000, 9
0.000000, 9
0.000000, 9
0.000000, 9
0.000000, 9
0.000000, 9
0.000000, 9
0.000000, 9
0.000000, 9
0.000000, 9
0.000000, 9
0.000000, 9
0.000000, 9
0.000000, 9
0.000000, 9
0.000000, 9
0.000000, 9
0.000000, 9
0.000000, 9
0.000000, 9
0.000000, 9
0.000000, 9
0.000000, 9
0.000000, 9
0.000000, 9
0.000000, 9
0.000000, 9
0.000000, 9
0.000000, 9
0.000000, 9
0.000000, 9
0.000000, 9
0.000000, 9
0.000000, 9
0.000000, 9
0.000000, 9
0.000000, 9
0.000000, 9
0.000000, 9
0.000000, 9
0.000000, 9
0.000000, 9
0.000000, 9
0.000000, 9
0.000000, 9
0.000000, 9
0.000000, 9
0.000000, 9
0.000000, 9
0.000000, 9
0.000000, 9
0.000000, 9
0.000000, 9
0.000000, 9
0.000000, 9
0.000000, 9
0.000000, 9
0.000000, 9
0.000000, 9
0.000000, 9
0.000000, 9
0.000000, 9
0.000000, 9
0.000000, 9
0.000000, 9
0.000000, 9
0.000000, 9
0.000000, 9
0.000000, 9
0.000000, 9
0.000000, 9
0.000000, 9
0.000000, 9
0.000000, 9
0.000000, 9
0.000000, 9
0.000000, 9
0.000000, 9
0.000000, 9
0.000000, 9
0.000000, 9
0.000000, 9
0.000000, 9
0.000000, 9
0.000000, 9
0.000000, 9
0.000000, 9
0.000000, 9
0.000000, 9
0.000000, 9
0.000000, 9
0.000000, 9
0.000000, 9
0.000000, 9
0.000000, 9
0.000000, 9
0.000000, 9
0.000000, 9
0.000000, 9
0.000000, 9
0.000000, 9
0.000000, 9
0.000000, 9
0.000000, 9
0.000000, 9
0.000000, 9
0.000000, 9
0.000000, 9
0.000000, 9
0.000000, 9
0.000000, 9
0.000000, 9
0.000000, 9
0.000000, 9
0.000000, 9
0.000000, 9
0.000000, 9
0.000000, 9
0.000000, 9
0.000000, 9
0.000000, 9
0.000000, 9
0.000000, 9
0.000000, 9
0.000000, 9
0.000000, 9
0.000000, 9
0.000000, 9
0.000000, 9
0.000000, 9
0.000000, 9
0.000000, 9
0.000000, 9
0.000000, 9
0.000000, 9
0.000000, 9
0.000000, 9
0.000000, 9
0.000000, 9
0.000000, 9
0.000000, 9
0.000000, 9
0.000000, 9
0.000000, 9
0.000000, 9
0.000000, 9
0.000000, 9
0.000000, 9
0.000000, 9
0.000000, 9
0.000000, 9
0.000000, 9
0.000000, 9
0.000000, 9
0.000000, 9
0.000000, 9
0.000000, 9
0.000000, 9
0.000000, 9
0.000000, 9
0.000000, 9
0.000000, 9
0.000000, 9
0.000000, 9
0.000000, 9
0.000000, 9
0.000000, 9
0.000000, 9
0.000000, 9
0.000000, 9
0.000000, 9
0.000000, 9
0.000000, 9
0.000000, 9
0.000000, 9
0.000000, 9
0.000000, 9
0.000000, 9
0.000000, 9
0.000000, 9
0.000000, 9
0.000000, 9
0.000000, 9
0.000000, 9
0.000000, 9
0.000000, 9
0.000000, 9
0.000000, 9
0.000000, 9
0.000000, 9
0.000000, 9
0.000000, 9
0.000000, 9
0.000000, 9
0.000000, 9
0.000000, 9
0.000000, 9
0.000000, 9
0.000000, 9
0.000000, 9
0.000000, 9
0.000000, 9
0.000000, 9
0.000000, 9
0.000000, 9
0.000000, 9
0.000000, 9
0.000000, 9
0.000000, 9
0.000000, 9
0.000000, 9
0.000000, 9
0.000000, 9
0.000000, 9
0.000000, 9
0.000000, 9
0.000000, 9
0.000000, 9
0.000000, 9
0.000000, 9
0.000000, 9
0.000000, 9
0.000000, 9
0.000000, 9
0.000000, 9
0.000000, 9
0.000000, 9
0.000000, 9
0.000000, 9
0.000000, 9
0.000000, 9
0.000000, 9
0.000000, 9
0.000000, 9
0.000000, 9
0.000000, 9
0.000000, 9
0.000000, 9
0.000000, 9
0.000000, 9
0.000000, 9
0.000000, 9
0.000000, 9
0.000000, 9
0.000000, 9
0.000000, 9
0.000000, 9
0.000000, 9
0.000000, 9
0.000000, 9
0.000000, 9
0.000000, 9
0.000000, 9
0.000000, 9
0.000000, 9
0.000000, 9
0.000000, 9
0.000000, 9
0.000000, 9
0.000000, 9
0.000000, 9
0.000000, 9
0.000000, 9
0.000000, 9
0.000000, 9
0.000000, 9
0.000000, 9
0.000000, 9
0.000000, 9
0.000000, 9
0.000000, 9
0.000000, 9
0.000000, 9
0.000000, 9
0.000000, 9
0.000000, 9
0.000000, 9
0.000000, 9
0.000000, 9
0.000000, 9
0.000000, 9
0.000000, 9
0.000000, 9
0.000000, 9
0.000000, 9
0.000000, 9
0.000000, 9
0.000000, 9
0.000000, 9
0.000000, 9
0.000000, 9
0.000000, 9
0.000000, 9
0.000000, 9
0.000000, 9
0.000000, 9
0.000000, 9
0.000000, 9
0.000000, 9
0.000000, 9
0.000000, 9
0.000000, 9
0.000000, 9
0.000000, 9
0.000000, 9
0.000000, 9
0.000000, 9
0.000000, 9
0.000000, 9
0.000000, 9
0.000000, 9
0.000000, 9
0.000000, 9
0.000000, 9
0.000000, 9
0.000000, 9
0.000000, 9
0.000000, 9
0.000000, 9
0.000000, 9
0.000000, 9
0.000000, 9
0.000000, 9
0.000000, 9
0.000000, 9
0.000000, 9
0.000000, 9
0.000000, 9
0.000000, 9
0.000000, 9
0.000000, 9
0.000000, 9
0.000000, 9
0.000000, 9
0.000000, 9
0.000000, 9
0.000000, 9
0.000000, 9
0.000000, 9
0.000000, 9
0.000000, 9
0.000000, 9
0.000000, 9
0.000000, 9
0.000000, 9
0.000000, 9
0.000000, 9
0.000000, 9
0.000000, 9
0.000000, 9
0.000000, 9
0.000000, 9
0.000000, 9
0.000000, 9
0.000000, 9
0.000000, 9
0.000000, 9
0.000000, 9
0.000000, 9
0.000000, 9
0.000000, 9
0.000000, 9
0.000000, 9
0.000000, 9
0.000000, 9
0.000000, 9
0.000000, 9
0.000000, 9
0.000000, 9
0.000000, 9
0.000000, 9
0.000000, 9
0.000000, 9
0.000000, 9
0.000000, 9
0.000000, 9
0.000000, 9
0.000000, 9
0.000000, 9
0.000000, 9
0.000000, 9
0.000000, 9
0.000000, 9
0.000000, 9
0.000000, 9
0.000000, 9
0.000000, 9
0.000000, 9
0.000000, 9
0.000000, 9
0.000000, 9
0.000000, 9
0.000000, 9
0.000000, 9
0.000000, 9
0.000000, 9
0.000000, 9
0.000000, 9
0.000000, 9
0.000000, 9
0.000000, 9
0.000000, 9
0.000000, 9
0.000000, 9
0.000000, 9
0.000000, 9
0.000000, 9
0.000000, 9
0.000000, 9
0.000000, 9
0.000000, 9
0.000000, 9
0.000000, 9
0.000000, 9
0.000000, 9
0.000000, 9
0.000000, 9
0.000000, 9
0.000000, 9
0.000000, 9
0.000000, 9
0.000000, 9
0.000000, 9
0.000000, 9
0.000000, 9
0.000000, 9
0.000000, 9
0.000000, 9
0.000000, 9
0.000000, 9
0.000000, 9
0.000000, 9
0.000000, 9
0.000000, 9
0.000000, 9
0.000000, 9
0.000000, 9
0.000000, 9
0.000000, 9
0.000000, 9
0.000000, 9
0.000000, 9
0.000000, 9
0.000000, 9
0.000000, 9
0.000000, 9
0.000000, 9
0.000000, 9
0.000000, 9
0.000000, 9
0.000000, 9
0.000000, 9
0.000000, 9
0.000000, 9
0.000000, 9
0.000000, 9
0.000000, 9
0.000000, 9
0.000000, 9
0.000000, 9
0.000000, 9
0.000000, 9
0.000000, 9
0.000000, 9
0.000000, 9
0.000000, 9
0.000000, 9
0.000000, 9
0.000000, 9
0.000000, 9
0.000000, 9
0.000000, 9
0.000000, 9
0.000000, 9
0.000000, 9
0.000000, 9
0.000000, 9
0.000000, 9
0.000000, 9
0.000000, 9
0.000000, 9
0.000000, 9
0.000000, 9
0.000000, 9
0.000000, 9
0.000000, 9
0.000000, 9
0.000000, 9
0.000000, 9
0.000000, 9
0.000000, 9
0.000000, 9
0.000000, 9
0.000000, 9
0.000000, 9
0.000000, 9
0.000000, 9
0.000000, 9
0.000000, 9
0.000000, 9
0.000000, 9
0.000000, 9
0.000000, 9
0.000000, 9
0.000000, 9
0.000000, 9
0.000000, 9
0.000000, 9
0.000000, 9
0.000000, 9
0.000000, 9
0.000000, 9
0.000000, 9
0.000000, 9
0.000000, 9
0.000000, 9
0.000000, 9
0.000000, 9
0.000000, 9
0.000000, 9
0.000000, 9
0.000000, 9
0.000000, 9
0.000000, 9
0.000000, 9
0.000000, 9
0.000000, 9
0.000000, 9
0.000000, 9
0.000000, 9
0.000000, 9
0.000000, 9
0.000000, 9
0.000000, 9
0.000000, 9
0.000000, 9
0.000000, 9
0.000000, 9
0.000000, 9
0.000000, 9
0.000000, 9
0.000000, 9
0.000000, 9
0.000000, 9
0.000000, 9
0.000000, 9
0.000000, 9
0.000000, 9
0.000000, 9
0.000000, 9
0.000000, 9
0.000000, 9
0.000000, 9
0.000000, 9
0.000000, 9
0.000000, 9
0.000000, 9
0.000000, 9
0.000000, 9
0.000000, 9
0.000000, 9
0.000000, 9
0.000000, 9
0.000000, 9
0.000000, 9
0.000000, 9
0.000000, 9
0.000000, 9
0.000000, 9
0.000000, 9
0.000000, 9
0.000000, 9
0.000000, 9
0.000000, 9
0.000000, 9
0.000000, 9
0.000000, 9
0.000000, 9
0.000000, 9
0.000000, 9
0.000000, 9
0.000000, 9
0.000000, 9
0.000000, 9
0.000000, 9
0.000000, 9
0.000000, 9
0.000000, 9
0.000000, 9
0.000000, 9
0.000000, 9
0.000000, 9
0.000000, 9
0.000000, 9
0.000000, 9
0.000000, 9
0.000000, 9
0.000000, 9
0.000000, 9
0.000000, 9
0.000000, 9
0.000000, 9
0.000000, 9
0.000000, 9
0.000000, 9
0.000000, 9
0.000000, 9
0.000000, 9
0.000000, 9
0.000000, 9
0.000000, 9
0.000000, 9
0.000000, 9
0.000000, 9
0.000000, 9
0.000000, 9
0.000000, 9
0.000000, 9
0.000000, 9
0.000000, 9
0.000000, 9
0.000000, 9
0.000000, 9
0.000000, 9
0.000000, 9
0.000000, 9
0.000000, 9
0.000000, 9
0.000000, 9
0.000000, 9
0.000000, 9
0.000000, 9
0.000000, 9
0.000000, 9
0.000000, 9
0.000000, 9
0.000000, 9
0.000000, 9
0.000000, 9
0.000000, 9
0.000000, 9
0.000000, 9
0.000000, 9
0.000000, 9
0.000000, 9
0.000000, 9
0.000000, 9
0.000000, 9
0.000000, 9
0.000000, 9
0.000000, 9
0.000000, 9
0.000000, 9
0.000000, 9
0.000000, 9
0.000000, 9
0.000000, 9
0.000000, 9
0.000000, 9
0.000000, 9
0.000000, 9
0.000000, 9
0.000000, 9
0.000000, 9
0.000000, 9
0.000000, 9
0.000000, 9
0.000000, 9
0.000000, 9
0.000000, 9
0.000000, 9
0.000000, 9
0.000000, 9
0.000000, 9
0.000000, 9
0.000000, 9
0.000000, 9
0.000000, 9
0.000000, 9
0.000000, 9
0.000000, 9
0.000000, 9
0.000000, 9
0.000000, 9
0.000000, 9
0.000000, 9
0.000000, 9
0.000000, 9
0.000000, 9
0.000000, 9
0.000000, 9
0.000000, 9
0.000000, 9
0.000000, 10
0.000000, 10
0.000000, 11
0.000000, 11
0.000000, 12
0.000000, 12
0.000000, 13
0.000000, 13
0.000000, 14
0.000000, 14
0.000000, 15
0.000000, 15
0.000000, 16
0.000000, 16
0.000000, 17
0.000000, 17
0.000000, 18
0.000000, 18
0.000000, 19
0.000000, 19
0.000000, 20
0.000000, 20
0.000000, 21
0.009091, 21
0.000000, 22
0.008182, 22
0.000000, 23
0.007364, 23
0.000000, 24
0.006627, 24
0.000000, 25
0.005965, 25
0.000000, 26
0.005368, 26
0.000000, 27
0.004831, 27
0.000000, 28
0.004348, 28
0.000000, 28
0.011056, 28
0.000000, 28
0.009951, 28
0.000000, 28
0.017289, 28
0.000000, 28
0.023252, 28
0.000000, 28
0.020927, 28
0.000000, 28
0.018834, 28
0.000000, 28
0.016951, 28
0.000000, 28
0.015256, 28
0.000000, 28
0.019613, 28
0.000000, 28
0.026742, 28
0.000000, 28
0.024068, 28
0.000000, 28
0.028804, 28
0.000000, 28
0.025924, 28
0.000000, 28
0.023331, 28
0.000000, 28
0.020998, 28
0.000000, 28
0.018898, 28
0.000000, 28
0.017009, 28
0.000000, 28
0.015308, 28
0.000000, 28
0.013777, 28
0.000000, 28
0.012399, 28
0.000000, 28
0.017042, 28
0.000000, 28
0.015337, 28
0.000000, 28
0.013804, 28
0.000000, 28
0.018673, 28
0.000000, 28
0.023056, 28
0.000000, 28
0.000000, 28
0.020750, 28
0.000000, 28
0.018675, 28
0.000000, 28
0.016808, 28
0.000000, 28
0.015127, 28
0.000000, 28
0.013614, 28
0.000000, 28
0.019396, 28
0.000000, 28
0.017456, 28
0.000000, 28
0.015711, 28
0.000000, 28
0.014140, 28
0.000000, 28
0.012726, 28
0.000000, 28
0.011453, 28
0.000000, 28
0.010308, 28
0.000000, 28
0.009277, 28
0.000000, 28
0.008349, 28
0.000000, 28
0.007514, 28
0.000000, 28
0.013906, 28
0.000000, 28
0.018071, 28
0.000000, 28
0.016264, 28
0.000000, 28
0.020520, 28
0.000000, 28
0.018468, 28
0.000000, 28
0.022871, 28
0.000000, 28
0.029675, 28
0.000000, 28
0.026707, 28
0.000000, 28
0.024037, 28
0.000000, 28
0.021633, 28
0.000000, 28
0.019470, 28
0.000000, 28
0.017523, 28
0.000000, 28
0.015770, 28
0.000000, 28
0.014193, 28
0.000000, 28
0.012774, 28
0.000000, 28
0.011497, 28
0.000000, 28
0.010347, 28
0.000000, 28
0.009312, 28
0.000000, 28
0.008381, 28
0.000000, 28
0.007543, 28
0.000000, 28
0.013039, 28
0.000000, 28
0.000000, 28
0.017617, 28
0.000000, 28
0.015855, 28
0.000000, 28
0.014270, 28
0.000000, 28
0.012843, 28
0.000000, 28
0.011559, 28
0.000000, 28
0.010403, 28
0.000000, 28
0.009362, 28
0.000000, 28
0.008426, 28
0.000000, 28
0.007584, 28
0.000000, 28
0.006825, 28
0.000000, 28
0.006143, 28
0.000000, 28
0.005528, 28
0.000000, 28
0.004976, 28
0.000000, 28
0.004478, 28
0.000000, 28
0.004030, 28
0.000000, 28
0.003627, 28
0.000000, 28
0.009147, 28
0.000000, 28
0.014899, 28
0.000000, 28
0.013409, 28
0.000000, 28
0.017950, 28
0.000000, 28
0.016155, 28
0.000000, 28
0.014540, 28
0.000000, 28
0.013086, 28
0.000000, 28
0.011777, 28
0.000000, 28
0.010600, 28
0.000000, 28
0.009540, 28
0.000000, 28
0.008586, 28
0.000000, 28
0.014394, 28
0.000000, 28
0.012954, 28
0.000000, 28
0.011659, 28
0.000000, 28
0.010493, 28
0.000000, 28
0.009444, 28
0.000000, 28
0.008499, 28
0.000000, 28
0.007649, 28
0.000000, 28
0.006884, 28
0.000000, 28
0.006196, 28
0.000000, 28
0.005576, 28
0.000000, 28
0.005019, 28
0.000000, 28
0.004517, 28
0.000000, 28
0.004065, 28
0.000000, 28
0.003659, 28
0.000000, 28
0.003293, 28
0.000000, 28
0.002964, 28
0.000000, 28
0.000000, 28
0.002667, 28
0.000000, 28
0.008283, 28
0.000000, 28
0.007455, 28
0.000000, 28
0.012959, 28
0.000000, 28
0.011663, 28
0.000000, 28
0.017640, 28
0.000000, 28
0.015876, 28
0.000000, 28
0.014288, 28
0.000000, 28
0.012859, 28
0.000000, 28
0.011573, 28
0.000000, 28
0.010416, 28
0.000000, 28
0.009374, 28
0.000000, 28
0.014319, 28
0.000000, 28
0.012887, 28
0.000000, 28
0.011599, 28
0.000000, 28
0.010439, 28
0.000000, 28
0.009395, 28
0.000000, 28
0.008455, 28
0.000000, 28
0.007610, 28
0.000000, 28
0.006849, 28
0.000000, 28
0.006164, 28
0.000000, 28
0.005548, 28
0.000000, 28
0.004993, 28
0.000000, 28
0.004494, 28
0.000000, 28
0.014044, 28
0.000000, 28
0.012640, 28
0.000000, 28
0.011376, 28
0.000000, 28
0.010238, 28
0.000000, 28
0.009214, 28
0.000000, 28
0.008293, 28
0.000000, 28
0.007464, 28
0.000000, 28
0.006717, 28
0.000000, 28
0.011928, 28
0.000000, 28
0.017878, 28
0.000000, 28
0.016090, 28
0.000000, 28
0.014481, 28
0.000000, 28
0.013033, 28
0.000000, 28
0.011730, 28
0.000000, 28
0.010557, 28
0.000000, 28
0.000000, 28
0.009501, 28
0.000000, 28
0.008551, 28
0.000000, 28
0.007696, 28
0.000000, 28
0.006926, 28
0.000000, 28
0.013926, 28
0.000000, 28
0.012533, 28
0.000000, 28
0.011280, 28
0.000000, 28
0.010152, 28
0.000000, 28
0.009137, 28
0.000000, 28
0.008223, 28
0.000000, 28
0.007401, 28
0.000000, 28
0.006661, 28
0.000000, 28
0.005995, 28
0.000000, 28
0.011278, 28
0.000000, 28
0.010150, 28
0.000000, 28
0.009135, 28
0.000000, 28
0.008221, 28
0.000000, 28
0.007399, 28
0.000000, 28
0.006659, 28
0.000000, 28
0.005993, 28
0.000000, 28
0.005394, 28
0.000000, 28
0.004855, 28
0.000000, 28
0.004369, 28
0.000000, 28
0.003932, 28
0.000000, 28
0.003539, 28
0.000000, 28
0.003185, 28
0.000000, 28
0.002867, 28
0.000000, 28
0.002580, 28
0.000000, 28
0.002322, 28
0.000000, 28
0.002090, 28
0.000000, 28
0.001881, 28
0.000000, 28
0.001693, 28
0.000000, 28
0.001523, 28
0.000000, 28
0.001371, 28
0.000000, 28
0.001234, 28
0.000000, 28
0.001111, 28
0.000000, 28
0.001000, 28
0.000000, 28
0.000000, 28
0.008042, 28
0.000000, 28
0.007238, 28
0.000000, 28
0.006514, 28
0.000000, 28
0.005863, 28
0.000000, 28
0.005277, 28
0.000000, 28
0.004749, 28
0.000000, 28
0.004274, 28
0.000000, 28
0.003847, 28
0.000000, 28
0.003462, 28
0.000000, 28
0.003116, 28
0.000000, 28
0.002804, 28
0.000000, 28
0.002524, 28
0.000000, 28
0.002271, 28
0.000000, 28
0.002044, 28
0.000000, 28
0.001840, 28
0.000000, 28
0.001656, 28
0.000000, 28
0.008157, 28
0.000000, 28
0.007341, 28
0.000000, 28
0.006607, 28
0.000000, 28
0.005946, 28
0.000000, 28
0.005352, 28
0.000000, 28
0.004817, 28
0.000000, 28
0.004335, 28
0.000000, 28
0.010151, 28
0.000000, 28
0.009136, 28
0.000000, 28
0.008223, 28
0.000000, 28
0.007400, 28
0.000000, 28
0.006660, 28
0.000000, 28
0.005994, 28
0.000000, 28
0.005395, 28
0.000000, 28
0.004855, 28
0.000000, 28
0.000000, 28
0.011037, 28
0.000000, 28
0.009933, 28
0.000000, 28
0.008940, 28
0.000000, 28
0.008046, 28
0.000000, 28
0.007241, 28
0.006517, 28
0.000000, 28
0.000000, 28
0.005865, 28
0.000000, 28
0.005279, 28
0.000000, 28
0.004751, 28
0.000000, 28
0.004276, 28
0.000000, 28
0.003848, 28
0.000000, 28
0.003463, 28
0.000000, 28
0.003117, 28
0.000000, 28
0.002805, 28
0.000000, 28
0.009191, 28
0.000000, 28
0.008272, 28
0.000000, 28
0.007445, 28
0.000000, 28
0.006701, 28
0.000000, 28
0.006031, 28
0.000000, 28
0.005427, 28
0.000000, 28
0.004885, 28
0.000000, 28
0.010279, 28
0.000000, 28
0.009251, 28
0.000000, 28
0.008326, 28
0.000000, 28
0.007493, 28
0.000000, 28
0.006744, 28
0.000000, 28
0.006069, 28
0.000000, 28
0.005462, 28
0.000000, 28
0.004916, 28
0.000000, 28
0.004425, 28
0.000000, 28
0.003982, 28
0.000000, 28
0.013584, 28
0.000000, 28
0.012226, 28
0.000000, 28
0.011003, 28
0.000000, 28
0.009903, 28
0.000000, 28
0.015579, 28
0.000000, 28
0.014021, 28
0.000000, 28
0.020311, 28
0.000000, 28
0.027371, 28
0.000000, 28
0.024634, 28
0.000000, 28
0.022171, 28
0.000000, 28
0.029954, 28
0.000000, 28
0.033208, 28
0.000000, 28
0.029887, 28
0.000000, 28
0.026899, 28
0.000000, 28
0.024209, 28
0.000000, 28
0.021788, 28
0.000000, 28
0.019609, 28
0.000000, 28
0.017648, 28
0.000000, 28
0.015883, 28
0.000000, 28
0.014295, 28
0.000000, 28
0.012866, 28
0.000000, 28
0.011579, 28
0.000000, 28
0.010421, 28
0.000000, 28
0.009379, 28
0.000000, 28
0.008441, 28
0.000000, 28
0.015289, 28
0.000000, 28
0.013760, 28
0.000000, 28
0.000000, 28
0.012384, 28
0.000000, 28
0.011146, 28
0.000000, 28
0.010031, 28
0.000000, 28
0.009028, 28
0.000000, 28
0.014008, 28
0.000000, 28
0.012607, 28
0.000000, 28
0.011346, 28
0.000000, 28
0.016878, 28
0.000000, 28
0.015190, 28
0.000000, 28
0.013671, 28
0.000000, 28
0.012304, 28
0.000000, 28
0.011074, 28
0.000000, 28
0.009966, 28
0.000000, 28
0.008970, 28
0.000000, 28
0.008073, 28
0.000000, 28
0.007266, 28
0.000000, 28
0.006539, 28
0.000000, 28
0.005885, 28
0.000000, 28
0.005297, 28
0.000000, 28
0.004767, 28
0.000000, 28
0.004290, 28
0.000000, 28
0.003861, 28
0.000000, 28
0.003475, 28
0.000000, 28
0.003128, 28
0.000000, 28
0.002815, 28
0.000000, 28
0.002533, 28
0.000000, 28
0.000000, 28
0.002280, 28
0.000000, 28
0.002052, 28
0.000000, 28
0.010180, 28
0.000000, 28
0.009162, 28
0.000000, 28
0.008246, 28
0.000000, 28
0.007421, 28
0.000000, 28
0.006679, 28
0.000000, 28
0.016011, 28
0.000000, 28
0.027743, 28
0.000000, 28
0.024969, 28
0.000000, 28
0.022472, 28
0.000000, 28
0.020225, 28
0.000000, 28
0.018202, 28
0.000000, 28
0.016382, 28
0.000000, 28
0.014744, 28
0.000000, 28
0.013270, 28
0.000000, 28
0.011943, 28
0.000000, 28
0.010748, 28
0.000000, 28
0.009674, 28
0.000000, 28
0.008706, 28
0.000000, 28
0.015528, 28
0.000000, 28
0.013975, 28
0.000000, 28
0.012578, 28
0.000000, 28
0.017570, 28
0.000000, 28
0.015813, 28
0.000000, 28
0.020482, 28
0.000000, 28
0.018433, 28
0.000000, 28
0.016590, 28
0.000000, 28
0.014931, 28
0.000000, 28
0.013438, 28
0.000000, 28
0.012094, 28
0.000000, 28
0.010885, 28
0.000000, 28
0.009796, 28
0.000000, 28
0.008817, 28
0.000000, 28
0.007935, 28
0.000000, 28
0.014284, 28
0.000000, 28
0.012856, 28
0.000000, 28
0.011570, 28
0.000000, 28
0.016663, 28
0.000000, 28
0.014997, 28
0.000000, 28
0.013497, 28
0.000000, 28
0.012148, 28
0.000000, 28
0.010933, 28
0.000000, 28
0.009840, 28
0.000000, 28
0.008856, 28
0.000000, 28
0.015113, 28
0.000000, 28
0.000000, 28
0.013602, 28
0.000000, 28
0.012241, 28
0.000000, 28
0.011017, 28
0.000000, 28
0.009916, 28
0.000000, 28
0.008924, 28
0.000000, 28
0.008032, 28
0.000000, 28
0.007228, 28
0.000000, 28
0.006506, 28
0.000000, 28
0.005855, 28
0.000000, 28
0.005270, 28
0.000000, 28
0.004743, 28
0.000000, 28
0.004268, 28
0.000000, 28
0.003841, 28
0.000000, 28
0.003457, 28
0.000000, 28
0.003112, 28
0.000000, 28
0.002800, 28
0.000000, 28
0.009187, 28
0.000000, 28
0.008268, 28
0.000000, 28
0.007442, 28
0.000000, 28
0.006697, 28
0.000000, 28
0.012278, 28
0.000000, 28
0.011050, 28
0.000000, 28
0.009945, 28
0.000000, 28
0.008950, 28
0.000000, 28
0.013611, 28
0.000000, 28
0.022250, 28
0.000000, 28
0.027168, 28
0.000000, 28
0.024451, 28
0.000000, 28
0.022006, 28
0.000000, 28
0.019805, 28
0.000000, 28
0.017825, 28
0.000000, 28
0.016042, 28
0.000000, 28
0.014438, 28
0.000000, 28
0.027280, 28
0.000000, 28
0.024552, 28
0.000000, 28
0.000000, 28
0.022097, 28
0.000000, 28
0.019887, 28
0.000000, 28
0.017898, 28
0.000000, 28
0.016109, 28
0.000000, 28
0.014498, 28
0.000000, 28
0.013048, 28
0.000000, 28
0.011743, 28
0.000000, 28
0.010569, 28
0.000000, 28
0.009512, 28
0.000000, 28
0.008561, 28
0.000000, 28
0.007705, 28
0.000000, 28
0.006934, 28
0.000000, 28
0.006241, 28
0.000000, 28
0.005617, 28
0.000000, 28
0.005055, 28
0.000000, 28
0.004550, 28
0.000000, 28
0.004095, 28
0.000000, 28
0.003685, 28
0.000000, 28
0.010459, 28
0.000000, 28
0.009414, 28
0.000000, 28
0.008472, 28
0.000000, 28
0.007625, 28
0.000000, 28
0.006862, 28
0.000000, 28
0.012426, 28
0.000000, 28
0.011184, 28
0.000000, 28
0.016732, 28
0.000000, 28
0.015059, 28
0.000000, 28
0.013553, 28
0.000000, 28
0.012198, 28
0.000000, 28
0.010978, 28
0.000000, 28
0.009880, 28
0.008892, 28
0.000000, 28
0.008003, 27
0.007203, 26
0.006482, 25
0.005834, 24
0.005251, 23
0.004726, 22
0.004253, 21
0.003828, 20
0.003445, 19
0.003100, 18
0.000000, 27
0.002790, 17
0.002511, 16
0.002260, 15
0.002034, 14
0.001831, 13
0.001648, 12
0.001483, 11
0.001335, 10
0.001201, 9
0.001081, 9
0.000000, 26
0.000973, 9
0.000876, 9
0.000788, 9
0.000709, 9
0.000638, 9
0.000575, 9
0.000517, 9
0.000465, 9
0.000419, 9
0.000377, 9
0.000000, 25
0.000339, 9
0.000305, 9
0.000275, 9
0.000247, 9
0.000223, 9
0.000200, 9
0.000180, 9
0.000162, 9
0.000146, 9
0.000131, 9
0.000000, 24
0.000118, 9
0.000106, 9
0.000096, 9
0.000086, 9
0.000078, 9
0.000070, 9
0.000063, 9
0.000057, 9
0.000051, 9
0.000046, 9
0.000000, 23
0.000041, 9
0.000037, 9
0.000033, 9
0.000030, 9
0.000027, 9
0.000024, 9
0.000022, 9
0.000020, 9
0.000018, 9
0.000016, 9
0.000000, 22
0.000014, 9
0.000013, 9
0.000012, 9
0.000010, 9
0.000009, 9
0.000008, 9
0.000008, 9
0.000007, 9
0.000006, 9
0.000006, 9
0.000000, 21
0.000005, 9
0.000005, 9
0.000004, 9
0.000004, 9
0.000003, 9
0.000003, 9
0.000003, 9
0.000002, 9
0.000002, 9
0.000002, 9
0.000000, 20
0.000002, 9
0.000002, 9
0.000001, 9
0.000001, 9
0.000001, 9
0.000001, 9
0.000001, 9
0.000001, 9
0.000001, 9
0.000001, 9
0.000000, 19
0.000001, 9
0.000001, 9
0.000000, 9
0.000000, 9
0.000000, 9
0.000000, 9
0.000000, 9
0.000000, 9
0.000000, 9
0.000000, 9
0.000000, 18
0.000000, 9
0.000000, 9
0.000000, 9
0.000000, 9
0.000000, 9
0.000000, 9
0.000000, 9
0.000000, 9
0.000000, 9
0.000000, 9
0.000000, 17
0.000000, 9
0.000000, 9
0.000000, 9
0.000000, 9
0.000000, 9
0.000000, 9
0.000000, 9
0.000000, 9
0.000000, 9
0.000000, 9
0.000000, 16
0.000000, 9
0.000000, 9
0.000000, 9
0.000000, 9
0.000000, 9
0.000000, 9
0.000000, 9
0.000000, 9
0.000000, 9
0.000000, 9
0.000000, 15
0.000000, 9
0.000000, 9
0.000000, 9
0.000000, 9
0.000000, 9
0.000000, 9
0.000000, 9
0.000000, 9
0.000000, 9
0.000000, 9
0.000000, 14
0.000000, 9
0.000000, 9
0.000000, 9
0.000000, 9
0.000000, 9
0.000000, 9
0.000000, 9
0.000000, 9
0.000000, 9
0.000000, 9
0.000000, 13
0.000000, 9
0.000000, 9
0.000000, 9
0.000000, 9
0.000000, 9
0.000000, 9
0.000000, 9
0.000000, 9
0.000000, 9
0.000000, 9
0.000000, 12
0.000000, 9
0.000000, 9
0.000000, 9
0.000000, 9
0.000000, 9
0.000000, 9
0.000000, 9
0.000000, 9
0.000000, 9
0.000000, 9
0.000000, 11
0.000000, 9
0.000000, 9
0.000000, 9
0.000000, 9
0.000000, 9
0.000000, 9
0.000000, 9
0.000000, 9
0.000000, 9
0.000000, 9
0.000000, 10
0.000000, 9
0.000000, 9
0.000000, 9
0.000000, 9
0.000000, 9
0.000000, 9
0.000000, 9
0.000000, 9
0.000000, 9
0.000000, 9
0.000000, 9
0.000000, 9
0.000000, 9
0.000000, 9
0.000000, 9
0.000000, 9
0.000000, 9
0.000000, 9
0.000000, 9
0.000000, 9
0.000000, 9
0.000000, 9
0.000000, 9
0.000000, 9
0.000000, 9
0.000000, 9
0.000000, 9
0.000000, 9
0.000000, 9
0.000000, 9
0.000000, 9
0.000000, 9
0.000000, 9
0.000000, 9
0.000000, 9
0.000000, 9
0.000000, 9
0.000000, 9
0.000000, 9
0.000000, 9
0.000000, 9
0.000000, 9
0.000000, 9
0.000000, 9
0.000000, 9
0.000000, 9
0.000000, 9
0.000000, 9
0.000000, 9
0.000000, 9
0.000000, 9
0.000000, 9
0.000000, 9
0.000000, 9
0.000000, 9
0.000000, 9
0.000000, 9
0.000000, 9
0.000000, 9
0.000000, 9
0.000000, 9
0.000000, 9
0.000000, 9
0.000000, 9
0.000000, 9
0.000000, 9
0.000000, 9
0.000000, 9
0.000000, 9
0.000000, 9
0.000000, 9
0.000000, 9
0.000000, 9
0.000000, 9
0.000000, 9
0.000000, 9
0.000000, 9
0.000000, 9
0.000000, 9
0.000000, 9
0.000000, 9
0.000000, 9
0.000000, 9
0.000000, 9
0.000000, 9
0.000000, 9
0.000000, 9
0.000000, 9
0.000000, 9
0.000000, 9
0.000000, 9
0.000000, 9
0.000000, 9
0.000000, 9
0.000000, 9
0.000000, 9
0.000000, 9
0.000000, 9
0.000000, 9
0.000000, 9
0.000000, 9
0.000000, 9
0.000000, 9
0.000000, 9
0.000000, 9
0.000000, 9
0.000000, 9
0.000000, 9
0.000000, 9
0.000000, 9
0.000000, 9
0.000000, 9
0.000000, 9
0.000000, 9
0.000000, 9
0.000000, 9
0.000000, 9
0.000000, 9
0.000000, 9
0.000000, 9
0.000000, 9
0.000000, 9
0.000000, 9
0.000000, 9
0.000000, 9
0.000000, 9
0.000000, 9
0.000000, 9
0.000000, 9
0.000000, 9
0.000000, 9
0.000000, 9
0.000000, 9
0.000000, 9
0.000000, 9
0.000000, 9
0.000000, 9
0.000000, 9
0.000000, 9
0.000000, 9
0.000000, 9
0.000000, 9
0.000000, 9
0.000000, 9
0.000000, 9
0.000000, 9
0.000000, 9
0.000000, 9
0.000000, 9
0.000000, 9
0.000000, 9
0.000000, 9
0.000000, 9
0.000000, 9
0.000000, 9
0.000000, 9
0.000000, 9
0.000000, 9
0.000000, 9
0.000000, 9
0.000000, 9
0.000000, 9
0.000000, 9
0.000000, 9
0.000000, 9
0.000000, 9
0.000000, 9
0.000000, 9
0.000000, 9
0.000000, 9
0.000000, 9
0.000000, 9
0.000000, 9
0.000000, 9
0.000000, 9
0.000000, 9
0.000000, 9
0.000000, 9
0.000000, 9
0.000000, 9
0.000000, 9
0.000000, 9
0.000000, 9
0.000000, 9
0.000000, 9
0.000000, 9
0.000000, 9
0.000000, 9
0.000000, 9
0.000000, 9
0.000000, 9
0.000000, 9
0.000000, 9
0.000000, 9
0.000000, 9
0.000000, 9
0.000000, 9
0.000000, 9
0.000000, 9
0.000000, 9
0.000000, 9
0.000000, 9
0.000000, 9
0.000000, 9
0.000000, 9
0.000000, 9
0.000000, 9
0.000000, 9
0.000000, 9
0.000000, 9
0.000000, 9
0.000000, 9
0.000000, 9
0.000000, 9
0.000000, 9
0.000000, 9
0.000000, 9
0.000000, 9
0.000000, 9
0.000000, 9
0.000000, 9
0.000000, 9
0.000000, 9
0.000000, 9
0.000000, 9
0.000000, 9
0.000000, 9
0.000000, 9
0.000000, 9
0.000000, 9
0.000000, 9
0.000000, 9
0.000000, 9
0.000000, 9
0.000000, 9
0.000000, 9
0.000000, 9
0.000000, 9
0.000000, 9
0.000000, 9
0.000000, 9
0.000000, 9
0.000000, 9
0.000000, 9
0.000000, 9
0.000000, 9
0.000000, 9
0.000000, 9
0.000000, 9
0.000000, 9
0.000000, 9
0.000000, 9
0.000000, 9
0.000000, 9
0.000000, 9
0.000000, 9
0.000000, 9
0.000000, 9
0.000000, 9
0.000000, 9
0.000000, 9
0.000000, 9
0.000000, 9
0.000000, 9
0.000000, 9
0.000000, 9
0.000000, 9
0.000000, 9
0.000000, 9
0.000000, 9
0.000000, 9
0.000000, 9
0.000000, 9
0.000000, 9
0.000000, 9
0.000000, 9
0.000000, 9
0.000000, 9
0.000000, 9
0.000000, 9
0.000000, 9
0.000000, 9
0.000000, 9
0.000000, 9
0.000000, 9
0.000000, 9
0.000000, 9
0.000000, 9
0.000000, 9
0.000000, 9
0.000000, 9
0.000000, 9
0.000000, 9
0.000000, 9
0.000000, 9
0.000000, 9
0.000000, 9
0.000000, 9
0.000000, 9
0.000000, 9
0.000000, 9
0.000000, 9
0.000000, 9
0.000000, 9
0.000000, 9
0.000000, 9
0.000000, 9
0.000000, 9
0.000000, 9
0.000000, 9
0.000000, 9
0.000000, 9
0.000000, 9
0.000000, 9
0.000000, 9
0.000000, 9
0.000000, 9
0.000000, 9
0.000000, 9
0.000000, 9
0.000000, 9
0.000000, 9
0.000000, 9
0.000000, 9
0.000000, 9
0.000000, 9
0.000000, 9
0.000000, 9
0.000000, 9
0.000000, 9
0.000000, 9
0.000000, 9
0.000000, 9
0.000000, 9
0.000000, 9
0.000000, 9
0.000000, 9
0.000000, 9
0.000000, 9
0.000000, 9
0.000000, 9
0.000000, 9
0.000000, 9
0.000000, 9
0.000000, 9
0.000000, 9
0.000000, 9
0.000000, 9
0.000000, 9
0.000000, 9
0.000000, 9
0.000000, 9
0.000000, 9
0.000000, 9
0.000000, 9
0.000000, 9
0.000000, 9
0.000000, 9
0.000000, 9
0.000000, 9
0.000000, 9
0.000000, 9
0.000000, 9
0.000000, 9
0.000000, 9
0.000000, 9
0.000000, 9
0.000000, 9
0.000000, 9
0.000000, 9
0.000000, 9
0.000000, 9
0.000000, 9
0.000000, 9
0.000000, 9
0.000000, 9
0.000000, 9
0.000000, 9
0.000000, 9
0.000000, 9
0.000000, 9
0.000000, 9
0.000000, 9
0.000000, 9
0.000000, 9
0.000000, 9
0.000000, 9
0.000000, 9
0.000000, 9
0.000000, 9
0.000000, 9
0.000000, 9
0.000000, 9
0.000000, 9
0.000000, 9
0.000000, 9
0.000000, 9
0.000000, 9
0.000000, 9
0.000000, 9
0.000000, 9
0.000000, 9
0.000000, 9
0.000000, 9
0.000000, 9
0.000000, 9
0.000000, 9
0.000000, 9
0.000000, 9
0.000000, 9
0.000000, 9
0.000000, 9
0.000000, 9
0.000000, 9
0.000000, 9
0.000000, 9
0.000000, 9
0.000000, 9
0.000000, 9
0.000000, 9
0.000000, 9
0.000000, 9
0.000000, 9
0.000000, 9
0.000000, 9
0.000000, 9
0.000000, 9
0.000000, 9
0.000000, 9
0.000000, 9
0.000000, 9
0.000000, 9
0.000000, 9
0.000000, 9
0.000000, 9
0.000000, 9
0.000000, 9
0.000000, 9
0.000000, 9
0.000000, 9
0.000000, 9
0.000000, 9
0.000000, 9
0.000000, 9
0.000000, 9
0.000000, 9
0.000000, 9
0.000000, 9
0.000000, 9
0.000000, 9
0.000000, 9
0.000000, 9
0.000000, 9
0.000000, 9
0.000000, 9
0.000000, 9
0.000000, 9
0.000000, 9
0.000000, 9
0.000000, 9
0.000000, 9
0.000000, 10
0.000000, 9
0.000000, 9
0.000000, 9
0.000000, 9
0.000000, 9
0.000000, 9
0.000000, 9
0.000000, 9
0.000000, 9
0.000000, 9
0.000000, 9
0.000000, 9
0.000000, 9
0.000000, 9
0.000000, 9
0.000000, 9
0.000000, 9
0.000000, 9
0.000000, 9
0.000000, 9
0.000000, 9
0.000000, 9
0.000000, 9
0.000000, 9
0.000000, 9
0.000000, 9
0.000000, 9
0.000000, 9
0.000000, 9
0.000000, 9
0.000000, 9
0.000000, 9
0.000000, 9
0.000000, 9
0.000000, 9
0.000000, 9
0.000000, 9
0.000000, 9
0.000000, 9
0.000000, 9
0.000000, 9
0.000000, 10
0.000000, 10
0.000000, 11
0.000000, 11
0.000000, 12
0.000000, 12
0.000000, 13
0.000000, 13
0.000000, 14
0.000000, 14
0.000000, 15
0.000000, 15
0.000000, 16
0.000000, 16
0.000000, 17
0.000000, 17
0.000000, 18
0.000000, 18
0.000000, 19
0.000000, 19
0.000000, 20
0.000000, 20
0.000000, 21
0.000000, 21
0.000000, 22
0.000000, 22
0.000000, 23
0.000000, 23
0.000000, 24
0.000000, 24
0.000000, 25
0.000000, 25
0.000000, 26
0.000000, 26
0.000000, 27
0.000000, 27
0.000000, 28
0.000000, 28
0.000000, 28
0.000000, 28
0.000000, 28
0.000000, 28
0.000000, 28
0.000000, 28
0.000000, 28
0.000000, 28
0.000000, 28
0.000000, 28
0.000000, 28
0.000000, 28
0.000000, 28
0.000000, 28
0.000000, 28
0.000000, 28
0.000000, 28
0.000000, 28
0.000000, 28
0.000000, 28
0.000000, 28
0.000000, 28
0.000000, 28
0.000000, 28
0.000000, 28
0.000000, 28
0.000000, 28
0.000000, 28
0.000000, 28
0.000000, 28
0.000000, 28
0.000000, 28
0.000000, 28
0.000000, 28
0.000000, 28
0.000000, 28
0.000000, 28
0.000000, 28
0.000000, 28
0.000000, 28
0.000000, 28
0.000000, 28
0.000000, 28
0.006667, 28
0.000000, 28
0.006000, 28
0.000000, 28
0.005400, 28
0.000000, 28
0.004860, 28
0.000000, 28
0.004374, 28
0.000000, 28
0.003937, 28
0.000000, 28
0.003543, 28
0.000000, 28
0.003189, 28
0.000000, 28
0.002870, 28
0.000000, 28
0.002583, 28
0.000000, 28
0.002325, 28
0.000000, 28
0.002092, 28
0.000000, 28
0.001883, 28
0.000000, 28
0.001695, 28
0.000000, 28
0.001525, 28
0.000000, 28
0.001373, 28
0.000000, 28
0.001235, 28
0.000000, 28
0.001112, 28
0.000000, 28
0.001001, 28
0.000000, 28
0.000901, 28
0.000000, 28
0.000811, 28
0.000000, 28
0.000729, 28
0.000000, 28
0.000657, 28
0.000000, 28
0.000591, 28
0.000000, 28
0.000532, 28
0.000000, 28
0.000000, 28
0.000479, 28
0.000000, 28
0.000431, 28
0.000000, 28
0.000388, 28
0.000000, 28
0.000349, 28
0.000314, 28
0.000000, 28
0.000283, 28
0.000000, 28
0.000254, 28
0.000000, 28
0.000229, 28
0.000000, 28
0.000206, 28
0.000000, 28
0.000000, 28
0.000185, 28
0.000000, 28
0.000167, 28
0.000000, 28
0.000150, 28
0.000000, 28
0.006018, 28
0.000000, 28
0.005416, 28
0.000000, 28
0.004874, 28
0.000000, 28
0.004387, 28
0.000000, 28
0.003948, 28
0.000000, 28
0.003553, 28
0.000000, 28
0.003198, 28
0.000000, 28
0.002878, 28
0.000000, 28
0.002590, 28
0.000000, 28
0.002331, 28
0.000000, 28
0.008348, 28
0.000000, 28
0.013396, 28
0.000000, 28
0.012056, 28
0.000000, 28
0.010851, 28
0.000000, 28
0.009765, 28
0.000000, 28
0.008789, 28
0.000000, 28
0.007910, 28
0.000000, 28
0.007119, 28
0.000000, 28
0.006407, 28
0.000000, 28
0.012909, 28
0.000000, 28
0.019311, 28
0.000000, 28
0.017380, 28
0.000000, 28
0.015642, 28
0.000000, 28
0.014077, 28
0.000000, 28
0.000000, 28
0.012670, 28
0.000000, 28
0.011403, 28
0.000000, 28
0.010262, 28
0.000000, 28
0.014792, 28
0.000000, 28
0.019979, 28
0.000000, 28
0.017981, 28
0.000000, 28
0.016183, 28
0.000000, 28
0.014565, 28
0.000000, 28
0.013108, 28
0.000000, 28
0.011798, 28
0.000000, 28
0.016173, 28
0.000000, 28
0.014556, 28
0.000000, 28
0.013100, 28
0.000000, 28
0.011790, 28
0.000000, 28
0.023945, 28
0.000000, 28
0.021550, 28
0.000000, 28
0.019395, 28
0.000000, 28
0.023338, 28
0.000000, 28
0.021004, 28
0.000000, 28
0.018904, 28
0.000000, 28
0.017013, 28
0.000000, 28
0.015312, 28
0.000000, 28
0.013781, 28
0.000000, 28
0.012403, 28
0.000000, 28
0.011163, 28
0.000000, 28
0.010046, 28
0.000000, 28
0.009042, 28
0.000000, 28
0.008137, 28
0.000000, 28
0.007324, 28
0.000000, 28
0.006591, 28
0.000000, 28
0.005932, 28
0.000000, 28
0.005339, 28
0.000000, 28
0.004805, 28
0.000000, 28
0.004325, 28
0.000000, 28
0.003892, 28
0.000000, 28
0.003503, 28
0.000000, 28
0.003153, 28
0.000000, 28
0.002837, 28
0.000000, 28
0.002554, 28
0.000000, 28
0.002298, 28
0.000000, 28
0.002068, 28
0.000000, 28
0.001862, 28
0.000000, 28
0.001675, 28
0.000000, 28
0.001508, 28
0.000000, 28
0.008024, 28
0.000000, 28
0.007221, 28
0.000000, 28
0.006499, 28
0.000000, 28
0.005849, 28
0.000000, 28
0.013598, 28
0.000000, 28
0.012238, 28
0.000000, 28
0.011014, 28
0.000000, 28
0.009913, 28
0.000000, 28
0.008921, 28
0.000000, 28
0.008029, 28
0.000000, 28
0.007226, 28
0.000000, 28
0.006504, 28
0.000000, 28
0.005853, 28
0.000000, 28
0.005268, 28
0.000000, 28
0.004741, 28
0.000000, 28
0.010517, 28
0.000000, 28
0.009465, 28
0.000000, 28
0.008519, 28
0.000000, 28
0.007667, 28
0.000000, 28
0.006900, 28
0.000000, 28
0.006210, 28
0.000000, 28
0.005589, 28
0.000000, 28
0.005030, 28
0.000000, 28
0.004527, 28
0.000000, 28
0.004075, 28
0.000000, 28
0.003667, 28
0.000000, 28
0.003300, 28
0.000000, 28
0.002970, 28
0.000000, 28
0.002673, 28
0.000000, 28
0.002406, 28
0.000000, 28
0.010499, 28
0.000000, 28
0.016592, 28
0.000000, 28
0.014933, 28
0.000000, 28
0.013439, 28
0.000000, 28
0.012095, 28
0.000000, 28
0.010886, 28
0.000000, 28
0.000000, 28
0.009797, 28
0.000000, 28
0.008818, 28
0.000000, 28
0.007936, 28
0.000000, 28
0.013392, 28
0.000000, 28
0.012053, 28
0.000000, 28
0.010848, 28
0.000000, 28
0.009763, 28
0.000000, 28
0.008787, 28
0.000000, 28
0.007908, 28
0.000000, 28
0.007117, 28
0.000000, 28
0.014739, 28
0.000000, 28
0.013265, 28
0.000000, 28
0.011938, 28
0.000000, 28
0.010745, 28
0.000000, 28
0.009670, 28
0.000000, 28
0.008703, 28
0.000000, 28
0.007833, 28
0.000000, 28
0.007050, 28
0.000000, 28
0.012595, 28
0.000000, 28
0.011335, 28
0.000000, 28
0.010202, 28
0.000000, 28
0.016324, 28
0.000000, 28
0.014692, 28
0.000000, 28
0.013223, 28
0.000000, 28
0.011900, 28
0.000000, 28
0.010710, 28
0.000000, 28
0.009639, 28
0.000000, 28
0.008675, 28
0.000000, 28
0.007808, 28
0.000000, 28
0.007027, 28
0.000000, 28
0.006324, 28
0.000000, 28
0.005692, 28
0.000000, 28
0.011789, 28
0.000000, 28
0.010610, 28
0.000000, 28
0.009549, 28
0.000000, 28
0.008594, 28
0.000000, 28
0.007735, 28
0.000000, 28
0.006962, 28
0.000000, 28
0.006265, 28
0.000000, 28
0.005639, 28
0.000000, 28
0.005075, 28
0.000000, 28
0.004567, 28
0.000000, 28
0.010361, 28
0.000000, 28
0.009325, 28
0.000000, 28
0.008392, 28
0.000000, 28
0.007553, 28
0.000000, 28
0.006798, 28
0.000000, 28
0.006118, 28
0.000000, 28
0.005506, 28
0.000000, 28
0.004955, 28
0.000000, 28
0.012152, 28
0.000000, 28
0.017604, 28
0.000000, 28
0.022510, 28
0.000000, 28
0.020259, 28
0.000000, 28
0.018233, 28
0.000000, 28
0.016410, 28
0.000000, 28
0.014769, 28
0.000000, 28
0.013292, 28
0.000000, 28
0.011963, 28
0.000000, 28
0.010766, 28
0.000000, 28
0.018781, 28
0.000000, 28
0.016903, 28
0.000000, 28
0.015212, 28
0.000000, 28
0.013691, 28
0.000000, 28
0.012322, 28
0.000000, 28
0.023590, 28
0.000000, 28
0.021231, 28
0.000000, 28
0.019108, 28
0.000000, 28
0.017197, 28
0.000000, 28
0.015477, 28
0.000000, 28
0.013930, 28
0.000000, 28
0.012537, 28
0.000000, 28
0.020374, 28
0.000000, 28
0.018336, 28
0.000000, 28
0.016503, 28
0.000000, 28
0.014853, 28
0.000000, 28
0.013367, 28
0.000000, 28
0.012031, 28
0.000000, 28
0.010827, 28
0.000000, 28
0.009745, 28
0.000000, 28
0.008770, 28
0.000000, 28
0.007893, 28
0.000000, 28
0.007104, 28
0.000000, 28
0.006394, 28
0.000000, 28
0.005754, 28
0.000000, 28
0.005179, 28
0.000000, 28
0.004661, 28
0.000000, 28
0.004195, 28
0.000000, 28
0.003775, 28
0.000000, 28
0.003398, 28
0.000000, 28
0.003058, 28
0.000000, 28
0.002752, 28
0.000000, 28
0.002477, 28
0.000000, 28
0.008896, 28
0.000000, 28
0.008006, 28
0.000000, 28
0.007206, 28
0.000000, 28
0.006485, 28
0.000000, 28
0.005837, 28
0.000000, 28
0.000000, 28
0.005253, 28
0.000000, 28
0.004728, 28
0.000000, 28
0.004255, 28
0.000000, 28
0.003829, 28
0.000000, 28
0.003446, 28
0.000000, 28
0.003102, 28
0.000000, 28
0.002792, 28
0.000000, 28
0.002512, 28
0.000000, 28
0.002261, 28
0.000000, 28
0.002035, 28
0.000000, 28
0.001832, 28
0.000000, 28
0.001648, 28
0.000000, 28
0.009817, 28
0.000000, 28
0.008835, 28
0.000000, 28
0.007952, 28
0.000000, 28
0.019657, 28
0.000000, 28
0.017691, 28
0.000000, 28
0.015922, 28
0.000000, 28
0.014330, 28
0.000000, 28
0.019563, 28
0.000000, 28
0.017607, 28
0.000000, 28
0.015846, 28
0.000000, 28
0.014262, 28
0.000000, 28
0.012835, 28
0.000000, 28
0.020643, 28
0.000000, 28
0.018579, 28
0.000000, 28
0.016721, 28
0.000000, 28
0.015049, 28
0.000000, 28
0.013544, 28
0.000000, 28
0.012189, 28
0.000000, 28
0.010970, 28
0.000000, 28
0.009873, 28
0.000000, 28
0.008886, 28
0.000000, 28
0.013880, 28
0.000000, 28
0.012492, 28
0.000000, 28
0.011243, 28
0.000000, 28
0.017261, 28
0.000000, 28
0.015535, 28
0.000000, 28
0.013982, 28
0.000000, 28
0.012583, 28
0.000000, 28
0.011325, 28
0.000000, 28
0.010193, 28
0.000000, 28
0.009173, 28
0.000000, 28
0.008256, 28
0.000000, 28
0.007430, 28
0.000000, 28
0.012570, 28
0.000000, 28
0.011313, 28
0.000000, 28
0.010181, 28
0.000000, 28
0.009163, 28
0.000000, 28
0.008247, 28
0.000000, 28
0.019922, 28
0.000000, 28
0.017930, 28
0.000000, 28
0.016137, 28
0.000000, 28
0.014523, 28
0.000000, 28
0.022162, 28
0.000000, 28
0.019946, 28
0.000000, 28
0.017951, 28
0.000000, 28
0.016156, 28
0.000000, 28
0.014540, 28
0.000000, 28
0.021420, 28
0.000000, 28
0.025944, 28
0.000000, 28
0.031683, 28
0.000000, 28
0.036207, 28
0.000000, 28
0.032587, 28
0.000000, 28
0.029328, 28
0.000000, 28
0.026395, 28
0.000000, 28
0.023756, 28
0.000000, 28
0.021380, 28
0.000000, 28
0.019242, 28
0.000000, 28
0.017318, 28
0.000000, 28
0.015586, 28
0.000000, 28
0.014027, 28
0.000000, 28
0.018507, 28
0.000000, 28
0.016656, 28
0.000000, 28
0.021241, 28
0.000000, 28
0.000000, 28
0.019117, 28
0.000000, 28
0.017205, 28
0.000000, 28
0.015484, 28
0.000000, 28
0.013936, 28
0.000000, 28
0.012542, 28
0.000000, 28
0.017955, 28
0.000000, 28
0.016159, 28
0.000000, 28
0.014543, 28
0.000000, 28
0.013089, 28
0.000000, 28
0.011780, 28
0.000000, 28
0.010602, 28
0.000000, 28
0.009542, 28
0.000000, 28
0.008588, 28
0.000000, 28
0.007729, 28
0.000000, 28
0.006956, 28
0.000000, 28
0.006260, 28
0.000000, 28
0.005634, 28
0.000000, 28
0.005071, 28
0.000000, 28
0.004564, 28
0.000000, 28
0.010774, 28
0.000000, 28
0.009697, 28
0.000000, 28
0.008727, 28
0.000000, 28
0.014521, 28
0.000000, 28
0.013069, 28
0.000000, 28
0.011762, 28
0.000000, 28
0.010586, 28
0.000000, 28
0.009527, 28
0.000000, 28
0.008575, 28
0.000000, 28
0.014860, 28
0.000000, 28
0.013374, 28
0.000000, 28
0.012037, 28
0.000000, 28
0.010833, 28
0.000000, 28
0.009750, 28
0.000000, 28
0.008775, 28
0.000000, 28
0.007897, 28
0.000000, 28
0.007107, 28
0.000000, 28
0.014089, 28
0.000000, 28
0.012680, 28
0.000000, 28
0.011412, 28
0.000000, 28
0.010271, 28
0.000000, 28
0.009244, 28
0.000000, 28
0.000000, 28
0.008319, 28
0.000000, 28
0.007487, 28
0.000000, 28
0.006739, 28
0.000000, 28
0.006065, 28
0.000000, 28
0.005458, 28
0.000000, 28
0.004913, 28
0.000000, 28
0.004421, 28
0.000000, 28
0.003979, 28
0.000000, 28
0.003581, 28
0.000000, 28
0.003223, 28
0.000000, 28
0.002901, 28
0.000000, 28
0.002611, 28
0.000000, 28
0.002350, 28
0.000000, 28
0.002115, 28
0.000000, 28
0.008153, 28
0.000000, 28
0.007338, 28
0.000000, 28
0.006604, 28
0.000000, 28
0.005944, 28
0.000000, 28
0.005349, 28
0.000000, 28
0.004814, 28
0.000000, 28
0.010583, 28
0.000000, 28
0.009525, 28
0.000000, 28
0.014822, 28
0.000000, 28
0.013340, 28
0.000000, 28
0.012006, 28
0.000000, 28
0.010805, 28
0.000000, 28
0.009725, 28
0.008752, 28
0.007877, 27
0.007089, 26
0.006380, 25
0.005742, 24
0.000000, 28
0.005168, 23
0.004651, 22
0.004186, 21
0.003768, 20
0.003391, 19
0.003052, 18
0.002747, 17
0.002472, 16
0.002225, 15
0.002002, 14
0.000000, 28
0.001802, 13
0.001622, 12
0.001460, 11
0.001314, 10
0.001182, 9
0.001064, 9
0.000958, 9
0.000862, 9
0.000776, 9
0.000698, 9
0.000000, 27
0.000628, 9
0.000565, 9
0.000509, 9
0.000458, 9
0.000412, 9
0.000371, 9
0.000334, 9
0.000301, 9
0.000270, 9
0.000243, 9
0.000000, 26
0.000219, 9
0.000197, 9
0.000177, 9
0.000160, 9
0.000144, 9
0.000129, 9
0.000116, 9
0.000105, 9
0.000094, 9
0.000085, 9
0.000000, 25
0.000076, 9
0.000069, 9
0.000062, 9
0.000056, 9
0.000050, 9
0.000045, 9
0.000041, 9
0.000037, 9
0.000033, 9
0.000030, 9
0.000000, 24
0.000027, 9
0.000000, 23
0.000024, 10
0.000000, 24
0.000022, 11
0.000000, 25
0.000019, 12
0.000000, 26
0.000017, 13
0.000000, 27
0.000016, 14
0.000000, 28
0.000014, 15
0.000000, 28
0.006263, 16
0.000000, 28
0.005636, 17
0.000000, 28
0.005073, 18
0.000000, 28
0.004566, 19
0.000000, 28
0.004109, 20
0.000000, 28
0.009580, 21
0.000000, 28
0.008622, 22
0.000000, 28
0.007760, 23
0.000000, 28
0.006984, 24
0.000000, 28
0.006286, 25
0.000000, 28
0.005657, 26
0.000000, 28
0.005091, 27
0.000000, 28
0.004582, 28
0.000000, 28
0.004124, 28
0.000000, 28
0.003712, 28
0.000000, 28
0.000000, 28
0.017626, 28
0.000000, 28
0.024954, 28
0.000000, 28
0.022459, 28
0.000000, 28
0.020213, 28
0.000000, 28
0.025335, 28
0.000000, 28
0.022801, 28
0.000000, 28
0.020521, 28
0.000000, 28
0.018469, 28
0.000000, 28
0.024955, 28
0.000000, 28
0.022460, 28
0.000000, 28
0.020214, 28
0.000000, 28
0.018193, 28
0.000000, 28
0.016373, 28
0.000000, 28
0.014736, 28
0.000000, 28
0.013262, 28
0.000000, 28
0.011936, 28
0.000000, 28
0.010742, 28
0.000000, 28
0.017361, 28
0.000000, 28
0.023317, 28
0.000000, 28
0.036370, 28
0.000000, 28
0.032733, 28
0.000000, 28
0.029459, 28
0.000000, 28
0.026514, 28
0.000000, 28
0.029745, 28
0.000000, 28
0.026770, 28
0.000000, 28
0.024093, 28
0.000000, 28
0.021684, 28
0.000000, 28
0.019515, 28
0.000000, 28
0.017564, 28
0.000000, 28
0.015807, 28
0.000000, 28
0.014227, 28
0.000000, 28
0.012804, 28
0.000000, 28
0.011524, 28
0.000000, 28
0.010371, 28
0.000000, 28
0.009334, 28
0.000000, 28
0.008401, 28
0.000000, 28
0.007561, 28
0.000000, 28
0.006805, 28
0.000000, 28
0.013267, 28
0.000000, 28
0.011940, 28
0.000000, 28
0.010746, 28
0.000000, 28
0.009672, 28
0.000000, 28
0.008704, 28
0.000000, 28
0.007834, 28
0.000000, 28
0.007051, 28
0.000000, 28
0.006346, 28
0.000000, 28
0.000000, 28
0.005711, 28
0.000000, 28
0.005140, 28
0.000000, 28
0.004626, 28
0.000000, 28
0.004163, 28
0.000000, 28
0.003747, 28
0.000000, 28
0.003372, 28
0.000000, 28
0.003035, 28
0.000000, 28
0.002732, 28
0.000000, 28
0.015792, 28
0.000000, 28
0.014213, 28
0.000000, 28
0.012791, 28
0.000000, 28
0.011512, 28
0.000000, 28
0.010361, 28
0.000000, 28
0.009325, 28
0.000000, 28
0.008392, 28
0.000000, 28
0.007553, 28
0.000000, 28
0.006798, 28
0.000000, 28
0.006118, 28
0.000000, 28
0.005506, 28
0.000000, 28
0.010511, 28
0.000000, 28
0.009460, 28
0.000000, 28
0.008514, 28
0.000000, 28
0.007663, 28
0.000000, 28
0.013146, 28
0.000000, 28
0.011832, 28
0.000000, 28
0.010649, 28
0.000000, 28
0.009584, 28
0.000000, 28
0.008625, 28
0.000000, 28
0.007763, 28
0.000000, 28
0.014679, 28
0.000000, 28
0.013211, 28
0.000000, 28
0.011890, 28
0.000000, 28
0.010701, 28
0.000000, 28
0.009631, 28
0.000000, 28
0.008668, 28
0.000000, 28
0.007801, 28
0.000000, 28
0.007021, 28
0.000000, 28
0.006319, 28
0.000000, 28
0.005687, 28
0.000000, 28
0.005118, 28
0.000000, 28
0.004606, 28
0.000000, 28
0.000000, 28
0.004146, 28
0.000000, 28
0.003731, 28
0.000000, 28
0.003358, 28
0.000000, 28
0.003022, 28
0.000000, 28
0.002720, 28
0.000000, 28
0.002448, 28
0.000000, 28
0.002203, 28
0.000000, 28
0.001983, 28
0.000000, 28
0.001785, 28
0.000000, 28
0.001606, 28
0.000000, 28
0.001446, 28
0.000000, 28
0.001301, 28
0.000000, 28
0.001171, 28
0.000000, 28
0.008197, 28
0.000000, 28
0.007377, 28
0.000000, 28
0.006639, 28
0.000000, 28
0.005975, 28
0.000000, 28
0.005378, 28
0.000000, 28
0.004840, 28
0.000000, 28
0.004356, 28
0.000000, 28
0.003920, 28
0.000000, 28
0.003528, 28
0.000000, 28
0.016509, 28
0.000000, 28
0.014858, 28
0.000000, 28
0.013372, 28
0.000000, 28
0.012035, 28
0.000000, 28
0.010831, 28
0.000000, 28
0.009748, 28
0.000000, 28
0.008773, 28
0.000000, 28
0.007896, 28
0.000000, 28
0.007107, 28
0.000000, 28
0.006396, 28
0.000000, 28
0.005756, 28
0.000000, 28
0.005181, 28
0.000000, 28
0.004663, 28
0.000000, 28
0.004196, 28
0.000000, 28
0.003777, 28
0.000000, 28
0.011732, 28
0.000000, 28
0.010559, 28
0.000000, 28
0.009503, 28
0.000000, 28
0.008553, 28
0.000000, 28
0.007698, 28
0.000000, 28
0.006928, 28
0.000000, 28
0.006235, 28
0.000000, 28
0.010875, 28
0.000000, 28
0.009787, 28
0.000000, 28
0.008809, 28
0.000000, 28
0.007928, 28
0.000000, 28
0.018900, 28
0.000000, 28
0.017010, 28
0.000000, 28
0.015309, 28
0.000000, 28
0.020444, 28
0.000000, 28
0.018400, 28
0.000000, 28
0.016560, 28
0.000000, 28
0.014904, 28
0.000000, 28
0.013414, 28
0.000000, 28
0.012072, 28
0.000000, 28
0.010865, 28
0.000000, 28
0.009779, 28
0.000000, 28
0.008801, 28
0.000000, 28
0.007921, 28
0.000000, 28
0.007129, 28
0.000000, 28
0.006416, 28
0.000000, 28
0.005774, 28
0.000000, 28
0.005197, 28
0.000000, 28
0.004677, 28
0.000000, 28
0.004209, 28
0.000000, 28
0.000000, 28
0.003788, 28
0.000000, 28
0.003410, 28
0.000000, 28
0.003069, 28
0.000000, 28
0.002762, 28
0.000000, 28
0.002486, 28
0.000000, 28
0.002237, 28
0.000000, 28
0.002013, 28
0.000000, 28
0.001812, 28
0.000000, 28
0.001631, 28
0.000000, 28
0.009160, 28
0.000000, 28
0.008244, 28
0.000000, 28
0.007420, 28
0.000000, 28
0.006678, 28
0.000000, 28
0.006010, 28
0.000000, 28
0.005409, 28
0.000000, 28
0.004868, 28
0.000000, 28
0.004381, 28
0.000000, 28
0.003943, 28
0.000000, 28
0.003549, 28
0.000000, 28
0.003194, 28
0.000000, 28
0.002875, 28
0.000000, 28
0.002587, 28
0.000000, 28
0.002328, 28
0.000000, 28
0.002096, 28
0.000000, 28
0.001886, 28
0.000000, 28
0.001697, 28
0.000000, 28
0.007410, 28
0.000000, 28
0.006669, 28
0.000000, 28
0.006002, 28
0.000000, 28
0.005402, 28
0.000000, 28
0.011112, 28
0.000000, 28
0.010001, 28
0.000000, 28
0.009000, 28
0.000000, 28
0.008100, 28
0.000000, 28
0.007290, 28
0.000000, 28
0.006561, 28
0.000000, 28
0.005905, 28
0.000000, 28
0.005315, 28
0.000000, 28
0.004783, 28
0.000000, 28
0.004305, 28
0.000000, 28
0.009757, 28
0.000000, 28
0.008781, 28
0.000000, 28
0.007903, 28
0.000000, 28
0.007113, 28
0.000000, 28
0.006401, 28
0.000000, 28
0.013454, 28
0.000000, 28
0.012108, 28
0.000000, 28
0.010897, 28
0.000000, 28
0.009808, 28
0.000000, 28
0.008827, 28
0.000000, 28
0.007944, 28
0.000000, 28
0.007150, 28
0.000000, 28
0.006435, 28
0.000000, 28
0.000000, 28
0.005791, 28
0.000000, 28
0.005212, 28
0.000000, 28
0.004691, 28
0.000000, 28
0.004222, 28
0.000000, 28
0.003800, 28
0.000000, 28
0.010086, 28
0.000000, 28
0.009078, 28
0.000000, 28
0.008170, 28
0.000000, 28
0.007353, 28
0.000000, 28
0.006618, 28
0.000000, 28
0.005956, 28
0.000000, 28
0.005360, 28
0.000000, 28
0.004824, 28
0.000000, 28
0.004342, 28
0.000000, 28
0.003908, 28
0.000000, 28
0.003517, 28
0.000000, 28
0.003165, 28
0.000000, 28
0.002849, 28
0.000000, 28
0.002564, 28
0.000000, 28
0.002307, 28
0.000000, 28
0.002077, 28
0.000000, 28
0.001869, 28
0.000000, 28
0.008825, 28
0.000000, 28
0.007942, 28
0.000000, 28
0.014841, 28
0.000000, 28
0.013356, 28
0.000000, 28
0.019713, 28
0.000000, 28
0.017742, 28
0.000000, 28
0.015968, 28
0.000000, 28
0.020253, 28
0.000000, 28
0.018228, 28
0.000000, 28
0.016405, 28
0.000000, 28
0.014765, 28
0.000000, 28
0.013288, 28
0.000000, 28
0.011959, 28
0.000000, 28
0.000000, 28
0.010763, 28
0.000000, 28
0.009687, 28
0.000000, 28
0.008718, 28
0.000000, 28
0.007847, 28
0.000000, 28
0.013729, 28
0.000000, 28
0.012356, 28
0.000000, 28
0.011120, 28
0.000000, 28
0.010008, 28
0.000000, 28
0.009007, 28
0.000000, 28
0.008107, 28
0.000000, 28
0.007296, 28
0.000000, 28
0.006566, 28
0.000000, 28
0.005910, 28
0.000000, 28
0.005319, 28
0.000000, 28
0.004787, 28
0.000000, 28
0.004308, 28
0.000000, 28
0.003877, 28
0.000000, 28
0.003490, 28
0.000000, 28
0.003141, 28
0.000000, 28
0.002827, 28
0.000000, 28
0.002544, 28
0.000000, 28
0.002290, 28
0.000000, 28
0.008727, 28
0.000000, 28
0.007855, 28
0.000000, 28
0.007069, 28
0.000000, 28
0.006362, 28
0.000000, 28
0.005726, 28
0.000000, 28
0.005153, 28
0.000000, 28
0.004638, 28
0.000000, 28
0.004174, 28
0.000000, 28
0.003757, 28
0.000000, 28
0.003381, 28
0.000000, 28
0.003043, 28
0.000000, 28
0.002739, 28
0.000000, 28
0.002465, 28
0.000000, 28
0.008101, 28
0.000000, 28
0.007291, 28
0.000000, 28
0.013228, 28
0.000000, 28
0.011905, 28
0.000000, 28
0.010715, 28
0.000000, 28
0.009643, 28
0.000000, 28
0.008679, 28
0.000000, 28
0.007811, 28
0.000000, 28
0.007030, 28
0.000000, 28
0.006327, 28
0.000000, 28
0.005694, 28
0.000000, 28
0.005125, 28
0.000000, 28
0.011755, 28
0.000000, 28
0.010580, 28
0.000000, 28
0.009522, 28
0.000000, 28
0.008570, 28
0.000000, 28
0.007713, 28
0.000000, 28
0.006941, 28
0.000000, 28
0.013940, 28
0.000000, 28
0.012546, 28
0.000000, 28
0.011291, 28
0.000000, 28
0.010162, 28
0.000000, 28
0.009146, 28
0.000000, 28
0.008231, 28
0.000000, 28
0.007408, 28
0.000000, 28
0.006667, 28
0.000000, 28
0.006001, 28
0.000000, 28
0.005400, 28
0.000000, 28
0.004860, 28
0.000000, 28
0.004374, 28
0.000000, 28
0.003937, 28
0.000000, 28
0.003543, 28
0.000000, 28
0.003189, 28
0.000000, 28
0.002870, 28
0.000000, 28
0.002583, 28
0.000000, 28
0.002325, 28
0.000000, 28
0.011183, 28
0.000000, 28
0.010065, 28
0.000000, 28
0.009058, 28
0.000000, 28
0.008153, 28
0.000000, 28
0.015030, 28
0.000000, 28
0.013527, 28
0.000000, 28
0.012174, 28
0.000000, 28
0.010957, 28
0.000000, 28
0.009861, 28
0.000000, 28
0.008875, 28
0.000000, 28
0.007987, 28
0.000000, 28
0.007189, 28
0.000000, 28
0.006470, 28
0.000000, 28
0.005823, 28
0.000000, 28
0.005240, 28
0.000000, 28
0.004716, 28
0.000000, 28
0.004245, 28
0.000000, 28
0.003820, 28
0.000000, 28
0.003438, 28
0.000000, 28
0.003094, 28
0.000000, 28
0.002785, 28
0.000000, 28
0.000000, 28
0.002507, 28
0.000000, 28
0.002256, 28
0.000000, 28
0.002030, 28
0.000000, 28
0.001827, 28
0.000000, 28
0.001645, 28
0.000000, 28
0.001480, 28
0.000000, 28
0.001332, 28
0.000000, 28
0.001199, 28
0.000000, 28
0.001079, 28
0.000000, 28
0.000971, 28
0.000000, 28
0.000874, 28
0.000000, 28
0.000787, 28
0.000000, 28
0.000708, 28
0.000000, 28
0.000637, 28
0.000000, 28
0.000573, 28
0.000000, 28
0.000516, 28
0.000000, 28
0.000464, 28
0.000000, 28
0.000418, 28
0.000000, 28
0.000376, 28
0.000000, 28
0.000339, 28
0.000000, 28
0.006555, 28
0.000000, 28
0.005899, 28
0.000000, 28
0.005309, 28
0.000000, 28
0.004778, 28
0.000000, 28
0.004301, 28
0.000000, 28
0.003871, 28
0.000000, 28
0.003483, 28
0.000000, 28
0.003135, 28
0.000000, 28
0.002822, 28
0.000000, 28
0.002539, 28
0.000000, 28
0.002285, 28
0.000000, 28
0.002057, 28
0.000000, 28
0.001851, 28
0.000000, 28
0.008333, 28
0.000000, 28
0.000000, 28
0.007500, 28
0.000000, 28
0.006750, 28
0.000000, 28
0.006075, 28
0.000000, 28
0.005467, 28
0.000000, 28
0.004920, 28
0.000000, 28
0.012762, 28
0.011486, 28
0.000000, 28
0.010337, 28
0.000000, 28
0.000000, 28
0.009303, 28
0.008373, 28
0.000000, 28
0.000000, 28
0.007536, 28
0.000000, 28
0.006782, 28
0.000000, 28
0.006104, 28
0.000000, 28
0.005494, 28
0.000000, 28
0.004944, 28
0.000000, 28
0.004450, 28
0.000000, 28
0.004005, 28
0.000000, 28
0.003604, 28
0.000000, 28
0.003244, 28
0.000000, 28
0.002919, 28
0.000000, 28
0.002628, 28
0.000000, 28
0.002365, 28
0.000000, 28
0.002128, 28
0.000000, 28
0.001915, 28
0.000000, 28
0.007974, 28
0.000000, 28
0.007177, 28
0.000000, 28
0.006459, 28
0.005813, 28
0.005232, 27
0.004709, 26
0.004238, 25
0.003814, 24
0.000000, 28
0.003433, 23
0.003089, 22
0.002780, 21
0.002502, 20
0.002252, 19
0.002027, 18
0.001824, 17
0.001642, 16
0.001478, 15
0.001330, 14
0.000000, 27
0.001197, 13
0.001077, 12
0.000969, 11
0.000872, 10
0.000785, 9
0.000707, 9
0.000636, 9
0.000572, 9
0.000515, 9
0.000464, 9
0.000000, 26
0.000417, 9
0.000376, 9
0.000338, 9
0.000304, 9
0.000274, 9
0.000246, 9
0.000222, 9
0.000200, 9
0.000180, 9
0.000162, 9
0.000000, 25
0.000146, 9
0.000131, 9
0.000118, 9
0.000106, 9
0.000095, 9
0.000086, 9
0.000077, 9
0.000070, 9
0.000063, 9
0.000056, 9
0.000000, 24
0.000051, 9
0.000046, 9
0.000041, 9
0.000037, 9
0.000033, 9
0.000030, 9
0.000027, 9
0.000024, 9
0.000022, 9
0.000020, 9
0.000000, 23
0.000018, 9
0.000016, 9
0.000014, 9
0.000013, 9
0.000012, 9
0.000010, 9
0.000009, 9
0.000008, 9
0.000008, 9
0.000007, 9
0.000000, 22
0.000006, 9
0.000006, 9
0.000005, 9
0.000004, 9
0.000004, 9
0.000004, 9
0.000003, 9
0.000003, 9
0.000003, 9
0.000002, 9
0.000000, 21
0.000002, 9
0.000002, 9
0.000002, 9
0.000002, 9
0.000001, 9
0.000001, 9
0.000001, 9
0.000001, 9
0.000001, 9
0.000001, 9
0.000000, 20
0.000001, 9
0.000001, 9
0.000001, 9
0.000001, 9
0.000000, 9
0.000000, 9
0.000000, 9
0.000000, 9
0.000000, 9
0.000000, 9
0.000000, 19
0.000000, 9
0.000000, 9
0.000000, 9
0.000000, 9
0.000000, 9
0.000000, 9
0.000000, 9
0.000000, 9
0.000000, 9
0.000000, 9
0.000000, 18
0.000000, 9
0.000000, 9
0.000000, 9
0.000000, 9
0.000000, 9
0.000000, 9
0.000000, 9
0.000000, 9
0.000000, 9
0.000000, 9
0.000000, 17
0.000000, 9
0.000000, 9
0.000000, 9
0.000000, 9
0.000000, 9
0.000000, 9
0.000000, 9
0.000000, 9
0.000000, 9
0.000000, 9
0.000000, 16
0.000000, 9
0.000000, 9
0.000000, 9
0.000000, 9
0.000000, 9
0.000000, 9
0.000000, 9
0.000000, 9
0.000000, 9
0.000000, 9
0.000000, 15
0.000000, 9
0.000000, 9
0.000000, 9
0.000000, 9
0.000000, 9
0.000000, 9
0.000000, 9
0.000000, 9
0.000000, 9
0.000000, 9
0.000000, 14
0.000000, 9
0.000000, 9
0.000000, 9
0.000000, 9
0.000000, 9
0.000000, 9
0.000000, 9
0.000000, 9
0.000000, 9
0.000000, 9
0.000000, 13
0.000000, 9
0.000000, 9
0.000000, 9
0.000000, 9
0.000000, 9
0.000000, 9
0.000000, 9
0.000000, 9
0.000000, 9
0.000000, 9
0.000000, 12
0.000000, 9
0.000000, 9
0.000000, 9
0.000000, 9
0.000000, 9
0.000000, 9
0.000000, 9
0.000000, 9
0.000000, 9
0.000000, 9
0.000000, 11
0.000000, 9
0.000000, 9
0.000000, 9
0.000000, 9
0.000000, 9
0.000000, 9
0.000000, 9
0.000000, 9
0.000000, 9
0.000000, 9
0.000000, 10
0.000000, 9
0.000000, 9
0.000000, 9
0.000000, 9
0.000000, 9
0.000000, 9
0.000000, 9
0.000000, 9
0.000000, 9
0.000000, 9
0.000000, 9
0.000000, 9
0.000000, 9
0.000000, 9
0.000000, 9
0.000000, 9
0.000000, 9
0.000000, 9
0.000000, 9
0.000000, 9
0.000000, 9
0.000000, 9
0.000000, 9
0.000000, 9
0.000000, 9
0.000000, 9
0.000000, 9
0.000000, 9
0.000000, 9
0.000000, 9
0.000000, 9
0.000000, 9
0.000000, 9
0.000000, 9
0.000000, 9
0.000000, 9
0.000000, 9
0.000000, 9
0.000000, 9
0.000000, 9
0.000000, 9
0.000000, 9
0.000000, 9
0.000000, 9
0.000000, 9
0.000000, 9
0.000000, 9
0.000000, 9
0.000000, 9
0.000000, 9
0.000000, 9
0.000000, 9
0.000000, 9
0.000000, 9
0.000000, 9
0.000000, 9
0.000000, 9
0.000000, 9
0.000000, 9
0.000000, 9
0.000000, 9
0.000000, 9
0.000000, 9
0.000000, 9
0.000000, 9
0.000000, 9
0.000000, 9
0.000000, 9
0.000000, 9
0.000000, 9
0.000000, 9
0.000000, 9
0.000000, 9
0.000000, 9
0.000000, 9
0.000000, 9
0.000000, 9
0.000000, 9
0.000000, 9
0.000000, 9
0.000000, 9
0.000000, 9
0.000000, 9
0.000000, 9
0.000000, 9
0.000000, 9
0.000000, 9
0.000000, 9
0.000000, 9
0.000000, 9
0.000000, 9
0.000000, 9
0.000000, 9
0.000000, 9
0.000000, 9
0.000000, 9
0.000000, 9
0.000000, 10
0.000000, 10
0.000000, 11
0.000000, 11
0.006250, 12
0.000000, 12
0.005625, 13
0.000000, 13
0.005063, 14
0.000000, 14
0.004556, 15
0.000000, 15
0.004101, 16
0.000000, 16
0.003691, 17
0.000000, 17
0.003322, 18
0.000000, 18
0.002989, 19
0.000000, 19
0.002690, 20
0.000000, 20
0.002421, 21
0.000000, 21
0.002179, 22
0.000000, 22
0.001961, 23
0.000000, 23
0.001765, 24
0.000000, 24
0.001589, 25
0.000000, 25
0.001430, 26
0.000000, 26
0.001287, 27
0.000000, 27
0.001158, 28
0.000000, 28
0.001042, 28
0.000000, 28
0.000938, 28
0.000000, 28
0.006727, 28
0.000000, 28
0.006054, 28
0.000000, 28
0.005449, 28
0.000000, 28
0.004904, 28
0.000000, 28
0.004413, 28
0.000000, 28
0.003972, 28
0.000000, 28
0.010718, 28
0.000000, 28
0.009646, 28
0.000000, 28
0.008681, 28
0.000000, 28
0.007813, 28
0.000000, 28
0.007032, 28
0.000000, 28
0.006329, 28
0.000000, 28
0.005696, 28
0.000000, 28
0.005126, 28
0.000000, 28
0.011280, 28
0.000000, 28
0.010152, 28
0.000000, 28
0.015387, 28
0.000000, 28
0.013848, 28
0.000000, 28
0.012463, 28
0.000000, 28
0.011217, 28
0.000000, 28
0.010095, 28
0.000000, 28
0.009086, 28
0.000000, 28
0.008177, 28
0.000000, 28
0.007360, 28
0.000000, 28
0.006624, 28
0.000000, 28
0.005961, 28
0.000000, 28
0.005365, 28
0.000000, 28
0.000000, 28
0.004829, 28
0.000000, 28
0.011012, 28
0.000000, 28
0.009911, 28
0.000000, 28
0.008920, 28
0.000000, 28
0.008028, 28
0.000000, 28
0.007225, 28
0.000000, 28
0.006503, 28
0.000000, 28
0.005852, 28
0.000000, 28
0.005267, 28
0.000000, 28
0.004740, 28
0.000000, 28
0.004266, 28
0.000000, 28
0.003840, 28
0.000000, 28
0.003456, 28
0.000000, 28
0.003110, 28
0.000000, 28
0.002799, 28
0.000000, 28
0.002519, 28
0.000000, 28
0.008150, 28
0.000000, 28
0.007335, 28
0.000000, 28
0.006601, 28
0.000000, 28
0.005941, 28
0.000000, 28
0.005347, 28
0.000000, 28
0.004812, 28
0.000000, 28
0.004331, 28
0.000000, 28
0.003898, 28
0.000000, 28
0.003508, 28
0.000000, 28
0.003157, 28
0.000000, 28
0.002842, 28
0.000000, 28
0.002557, 28
0.000000, 28
0.002302, 28
0.000000, 28
0.002072, 28
0.000000, 28
0.007747, 28
0.000000, 28
0.006972, 28
0.000000, 28
0.006275, 28
0.000000, 28
0.005647, 28
0.000000, 28
0.011749, 28
0.000000, 28
0.010574, 28
0.000000, 28
0.016184, 28
0.000000, 28
0.021232, 28
0.000000, 28
0.019109, 28
0.000000, 28
0.023080, 28
0.000000, 28
0.020772, 28
0.000000, 28
0.018695, 28
0.000000, 28
0.016825, 28
0.000000, 28
0.015143, 28
0.000000, 28
0.013629, 28
0.000000, 28
0.012266, 28
0.000000, 28
0.011039, 28
0.000000, 28
0.009935, 28
0.000000, 28
0.008942, 28
0.000000, 28
0.013930, 28
0.000000, 28
0.012537, 28
0.000000, 28
0.011283, 28
0.000000, 28
0.010155, 28
0.000000, 28
0.009139, 28
0.000000, 28
0.008225, 28
0.000000, 28
0.007403, 28
0.000000, 28
0.006663, 28
0.000000, 28
0.017761, 28
0.000000, 28
0.015985, 28
0.000000, 28
0.014386, 28
0.000000, 28
0.012948, 28
0.000000, 28
0.011653, 28
0.000000, 28
0.010488, 28
0.000000, 28
0.009439, 28
0.000000, 28
0.008495, 28
0.000000, 28
0.014788, 28
0.000000, 28
0.013310, 28
0.000000, 28
0.011979, 28
0.000000, 28
0.010781, 28
0.000000, 28
0.009703, 28
0.000000, 28
0.008732, 28
0.000000, 28
0.007859, 28
0.000000, 28
0.007073, 28
0.000000, 28
0.006366, 28
0.000000, 28
0.005729, 28
0.000000, 28
0.005156, 28
0.000000, 28
0.000000, 28
0.004641, 28
0.000000, 28
0.004177, 28
0.000000, 28
0.003759, 28
0.000000, 28
0.003383, 28
0.000000, 28
0.003045, 28
0.000000, 28
0.002740, 28
0.000000, 28
0.002466, 28
0.002220, 28
0.000000, 28
0.000000, 28
0.001998, 28
0.000000, 28
0.001798, 28
0.000000, 28
0.001618, 28
0.000000, 28
0.001456, 28
0.000000, 28
0.001311, 28
0.000000, 28
0.001180, 28
0.000000, 28
0.007728, 28
0.000000, 28
0.006955, 28
0.000000, 28
0.006260, 28
0.000000, 28
0.005634, 28
0.000000, 28
0.005071, 28
0.000000, 28
0.004563, 28
0.000000, 28
0.004107, 28
0.000000, 28
0.003696, 28
0.000000, 28
0.003327, 28
0.000000, 28
0.002994, 28
0.000000, 28
0.002695, 28
0.000000, 28
0.000000, 28
0.002425, 28
0.000000, 28
0.009875, 28
0.000000, 28
0.008888, 28
0.000000, 28
0.007999, 28
0.000000, 28
0.007199, 28
0.000000, 28
0.006479, 28
0.000000, 28
0.005831, 28
0.000000, 28
0.005248, 28
0.000000, 28
0.004723, 28
0.000000, 28
0.004251, 28
0.000000, 28
0.003826, 28
0.000000, 28
0.003443, 28
0.000000, 28
0.003099, 28
0.000000, 28
0.002789, 28
0.000000, 28
0.008392, 28
0.000000, 28
0.007553, 28
0.000000, 28
0.006798, 28
0.000000, 28
0.006118, 28
0.000000, 28
0.005506, 28
0.000000, 28
0.004956, 28
0.000000, 28
0.004460, 28
0.000000, 28
0.004014, 28
0.000000, 28
0.003613, 28
0.000000, 28
0.003251, 28
0.000000, 28
0.002926, 28
0.000000, 28
0.009776, 28
0.000000, 28
0.008799, 28
0.000000, 28
0.007919, 28
0.000000, 28
0.012683, 28
0.000000, 28
0.011414, 28
0.000000, 28
0.010273, 28
0.000000, 28
0.015128, 28
0.000000, 28
0.013615, 28
0.000000, 28
0.012254, 28
0.000000, 28
0.011028, 28
0.000000, 28
0.009925, 28
0.000000, 28
0.008933, 28
0.000000, 28
0.008040, 28
0.000000, 28
0.007236, 28
0.000000, 28
0.013655, 28
0.000000, 28
0.012289, 28
0.000000, 28
0.011061, 28
0.000000, 28
0.009954, 28
0.000000, 28
0.008959, 28
0.000000, 28
0.008063, 28
0.000000, 28
0.007257, 28
0.000000, 28
0.006531, 28
0.000000, 28
0.005878, 28
0.000000, 28
0.005290, 28
0.000000, 28
0.004761, 28
0.000000, 28
0.004285, 28
0.000000, 28
0.003857, 28
0.000000, 28
0.003471, 28
0.000000, 28
0.003124, 28
0.000000, 28
0.002811, 28
0.000000, 28
0.002530, 28
0.000000, 28
0.002277, 28
0.000000, 28
0.002050, 28
0.000000, 28
0.000000, 28
0.009537, 28
0.000000, 28
0.008583, 28
0.000000, 28
0.007725, 28
0.000000, 28
0.006952, 28
0.000000, 28
0.006257, 28
0.000000, 28
0.005631, 28
0.000000, 28
0.005068, 28
0.000000, 28
0.012895, 28
0.000000, 28
0.011605, 28
0.000000, 28
0.018778, 28
0.000000, 28
0.016900, 28
0.000000, 28
0.015210, 28
0.000000, 28
0.013689, 28
0.000000, 28
0.012320, 28
0.000000, 28
0.011088, 28
0.000000, 28
0.009979, 28
0.000000, 28
0.008982, 28
0.000000, 28
0.008083, 28
0.000000, 28
0.007275, 28
0.000000, 28
0.006548, 28
0.000000, 28
0.014226, 28
0.000000, 28
0.012803, 28
0.000000, 28
0.011523, 28
0.000000, 28
0.010371, 28
0.000000, 28
0.009334, 28
0.000000, 28
0.008400, 28
0.000000, 28
0.007560, 28
0.000000, 28
0.006804, 28
0.000000, 28
0.006124, 28
0.000000, 28
0.005511, 28
0.000000, 28
0.004960, 28
0.000000, 28
0.004464, 28
0.000000, 28
0.004018, 28
0.000000, 28
0.003616, 28
0.000000, 28
0.003254, 28
0.000000, 28
0.002929, 28
0.000000, 28
0.008886, 28
0.000000, 28
0.015690, 28
0.000000, 28
0.014121, 28
0.000000, 28
0.012709, 28
0.000000, 28
0.011438, 28
0.000000, 28
0.010294, 28
0.000000, 28
0.018356, 28
0.000000, 28
0.016520, 28
0.000000, 28
0.022560, 28
0.000000, 28
0.020304, 28
0.000000, 28
0.018274, 28
0.000000, 28
0.016446, 28
0.000000, 28
0.014802, 28
0.000000, 28
0.019988, 28
0.000000, 28
0.017989, 28
0.000000, 28
0.016191, 28
0.000000, 28
0.022264, 28
0.000000, 28
0.020037, 28
0.000000, 28
0.018034, 28
0.000000, 28
0.016230, 28
0.000000, 28
0.014607, 28
0.000000, 28
0.013147, 28
0.000000, 28
0.011832, 28
0.000000, 28
0.010649, 28
0.000000, 28
0.009584, 28
0.000000, 28
0.008625, 28
0.000000, 28
0.007763, 28
0.000000, 28
0.006987, 28
0.000000, 28
0.006288, 28
0.000000, 28
0.005659, 28
0.000000, 28
0.005093, 28
0.000000, 28
0.004584, 28
0.000000, 28
0.004126, 28
0.000000, 28
0.003713, 28
0.000000, 28
0.003342, 28
0.000000, 28
0.003008, 28
0.000000, 28
0.002707, 28
0.000000, 28
0.008686, 28
0.000000, 28
0.016908, 28
0.000000, 28
0.015218, 28
0.000000, 28
0.013696, 28
0.000000, 28
0.012326, 28
0.000000, 28
0.021094, 28
0.000000, 28
0.018984, 28
0.000000, 28
0.024778, 28
0.000000, 28
0.022300, 28
0.000000, 28
0.020070, 28
0.000000, 28
0.018063, 28
0.000000, 28
0.016257, 28
0.000000, 28
0.014631, 28
0.000000, 28
0.013168, 28
0.000000, 28
0.011851, 28
0.000000, 28
0.010666, 28
0.000000, 28
0.009600, 28
0.000000, 28
0.008640, 28
0.000000, 28
0.022061, 28
0.000000, 28
0.019855, 28
0.000000, 28
0.024536, 28
0.000000, 28
0.022083, 28
0.000000, 28
0.019874, 28
0.000000, 28
0.017887, 28
0.000000, 28
0.016098, 28
0.000000, 28
0.014488, 28
0.000000, 28
0.013040, 28
0.000000, 28
0.011736, 28
0.000000, 28
0.010562, 28
0.000000, 28
0.009506, 28
0.000000, 28
0.008555, 28
0.000000, 28
0.007700, 28
0.000000, 28
0.006930, 28
0.000000, 28
0.006237, 28
0.000000, 28
0.005613, 28
0.000000, 28
0.005052, 28
0.000000, 28
0.004547, 28
0.000000, 28
0.004092, 28
0.000000, 28
0.003683, 28
0.000000, 28
0.000000, 28
0.003314, 28
0.000000, 28
0.002983, 28
0.000000, 28
0.002685, 28
0.000000, 28
0.002416, 28
0.000000, 28
0.002175, 28
0.000000, 28
0.001957, 28
0.000000, 28
0.008011, 28
0.000000, 28
0.007210, 28
0.000000, 28
0.006489, 28
0.000000, 28
0.005840, 28
0.000000, 28
0.005256, 28
0.000000, 28
0.004731, 28
0.000000, 28
0.004258, 28
0.000000, 28
0.003832, 28
0.000000, 28
0.003449, 28
0.000000, 28
0.003104, 28
0.000000, 28
0.002793, 28
0.000000, 28
0.002514, 28
0.000000, 28
0.002263, 28
0.000000, 28
0.008286, 28
0.000000, 28
0.007458, 28
0.000000, 28
0.006712, 28
0.000000, 28
0.006041, 28
0.000000, 28
0.005437, 28
0.000000, 28
0.011143, 28
0.000000, 28
0.010029, 28
0.000000, 28
0.009026, 28
0.000000, 28
0.008123, 28
0.000000, 28
0.007311, 28
0.000000, 28
0.006580, 28
0.000000, 28
0.005922, 28
0.000000, 28
0.005330, 28
0.000000, 28
0.010679, 28
0.000000, 28
0.009611, 28
0.000000, 28
0.008650, 28
0.000000, 28
0.007785, 28
0.000000, 28
0.007007, 28
0.000000, 28
0.006306, 28
0.000000, 28
0.005675, 28
0.000000, 28
0.005108, 28
0.000000, 28
0.004597, 28
0.000000, 28
0.004137, 28
0.000000, 28
0.003724, 28
0.000000, 28
0.003351, 28
0.000000, 28
0.003016, 28
0.000000, 28
0.009857, 28
0.000000, 28
0.008872, 28
0.000000, 28
0.015677, 28
0.000000, 28
0.014109, 28
0.000000, 28
0.012698, 28
0.000000, 28
0.011428, 28
0.000000, 28
0.010286, 28
0.000000, 28
0.009257, 28
0.000000, 28
0.008331, 28
0.000000, 28
0.007498, 28
0.000000, 28
0.000000, 28
0.006748, 28
0.000000, 28
0.006073, 28
0.000000, 28
0.005466, 28
0.000000, 28
0.011170, 28
0.000000, 28
0.017745, 28
0.000000, 28
0.015970, 28
0.000000, 28
0.014373, 28
0.000000, 28
0.012936, 28
0.000000, 28
0.011642, 28
0.000000, 28
0.010478, 28
0.000000, 28
0.009430, 28
0.000000, 28
0.008487, 28
0.000000, 28
0.007639, 28
0.000000, 28
0.006875, 28
0.000000, 28
0.006187, 28
0.000000, 28
0.005569, 28
0.000000, 28
0.005012, 28
0.000000, 28
0.011177, 28
0.000000, 28
0.010059, 28
0.000000, 28
0.009054, 28
0.000000, 28
0.008148, 28
0.000000, 28
0.007333, 28
0.000000, 28
0.006600, 28
0.000000, 28
0.028162, 28
0.000000, 28
0.031228, 28
0.000000, 28
0.034772, 28
0.000000, 28
0.031295, 28
0.000000, 28
0.028165, 28
0.000000, 28
0.025349, 28
0.000000, 28
0.022814, 28
0.000000, 28
0.026783, 28
0.000000, 28
0.024104, 28
0.000000, 28
0.021694, 28
0.000000, 28
0.019525, 28
0.000000, 28
0.017572, 28
0.000000, 28
0.022065, 28
0.000000, 28
0.026525, 28
0.000000, 28
0.023873, 28
0.000000, 28
0.021485, 28
0.000000, 28
0.019337, 28
0.000000, 28
0.017403, 28
0.000000, 28
0.015663, 28
0.000000, 28
0.014097, 28
0.000000, 28
0.000000, 28
0.012687, 28
0.000000, 28
0.011418, 28
0.000000, 28
0.016526, 28
0.000000, 28
0.014874, 28
0.000000, 28
0.013386, 28
0.000000, 28
0.012048, 28
0.000000, 28
0.010843, 28
0.000000, 28
0.009759, 28
0.000000, 28
0.008783, 28
0.000000, 28
0.007904, 28
0.007114, 28
0.006403, 28
0.005762, 27
0.005186, 26
0.004668, 25
0.004201, 24
0.003781, 23
0.000000, 28
0.003403, 22
0.003062, 21
0.002756, 20
0.002481, 19
0.002232, 18
0.002009, 17
0.001808, 16
0.001627, 15
0.001465, 14
0.001318, 13
0.000000, 28
0.001186, 12
0.001068, 11
0.000961, 10
0.000865, 9
0.000778, 9
0.000701, 9
0.000631, 9
0.000567, 9
0.000511, 9
0.000460, 9
0.000000, 27
0.000414, 9
0.000372, 9
0.000335, 9
0.000302, 9
0.000271, 9
0.000244, 9
0.000220, 9
0.000198, 9
0.000178, 9
0.000160, 9
0.000000, 26
0.000144, 9
0.000130, 9
0.000117, 9
0.000105, 9
0.000095, 9
0.000085, 9
0.000077, 9
0.000069, 9
0.000062, 9
0.000056, 9
0.000000, 25
0.000050, 9
0.000045, 9
0.000041, 9
0.000037, 9
0.000033, 9
0.000030, 9
0.000027, 9
0.000024, 9
0.000022, 9
0.000019, 9
0.000000, 24
0.000018, 9
0.000016, 9
0.000014, 9
0.000013, 9
0.000012, 9
0.000010, 9
0.000009, 9
0.000008, 9
0.000008, 9
0.000007, 9
0.000000, 23
0.000006, 9
0.000006, 9
0.000005, 9
0.000004, 9
0.000004, 9
0.000004, 9
0.000003, 9
0.000003, 9
0.000003, 9
0.000002, 9
0.000000, 22
0.000002, 9
0.000002, 9
0.000002, 9
0.000002, 9
0.000001, 9
0.000001, 9
0.000001, 9
0.000001, 9
0.000001, 9
0.000001, 9
0.000000, 21
0.000001, 9
0.000001, 9
0.000001, 9
0.000001, 9
0.000000, 9
0.000000, 9
0.000000, 9
0.000000, 9
0.000000, 9
0.000000, 9
0.000000, 20
0.000000, 9
0.000000, 9
0.000000, 9
0.000000, 9
0.000000, 9
0.000000, 9
0.000000, 9
0.000000, 9
0.000000, 9
0.000000, 9
0.000000, 19
0.000000, 9
0.000000, 9
0.000000, 9
0.000000, 9
0.000000, 9
0.000000, 9
0.000000, 9
0.000000, 9
0.000000, 9
0.000000, 9
0.000000, 18
0.000000, 9
0.000000, 9
0.000000, 9
0.000000, 9
0.000000, 9
0.000000, 9
0.000000, 9
0.000000, 9
0.000000, 9
0.000000, 9
0.000000, 17
0.000000, 9
0.000000, 9
0.000000, 9
0.000000, 9
0.000000, 9
0.000000, 9
0.000000, 9
0.000000, 9
0.000000, 9
0.000000, 9
0.000000, 16
0.000000, 9
0.000000, 9
0.000000, 9
0.000000, 9
0.000000, 9
0.000000, 9
0.000000, 9
0.000000, 9
0.000000, 9
0.000000, 9
0.000000, 15
0.000000, 9
0.000000, 9
0.000000, 9
0.000000, 9
0.000000, 9
0.000000, 9
0.000000, 9
0.000000, 9
0.000000, 9
0.000000, 9
0.000000, 14
0.000000, 9
0.000000, 9
0.000000, 9
0.000000, 9
0.000000, 9
0.000000, 9
0.000000, 9
0.000000, 9
0.000000, 9
0.000000, 9
0.000000, 13
0.000000, 9
0.000000, 9
0.000000, 9
0.000000, 9
0.000000, 9
0.000000, 9
0.000000, 9
0.000000, 9
0.000000, 9
0.000000, 9
0.000000, 12
0.000000, 9
0.000000, 9
0.000000, 9
0.000000, 9
0.000000, 9
0.000000, 9
0.000000, 9
0.000000, 9
0.000000, 9
0.000000, 9
0.000000, 11
0.000000, 9
0.000000, 9
0.000000, 9
0.000000, 9
0.000000, 9
0.000000, 9
0.000000, 9
0.000000, 9
0.000000, 9
0.000000, 9
0.000000, 10
0.000000, 9
0.000000, 9
0.000000, 9
0.000000, 9
0.000000, 9
0.000000, 9
0.000000, 10
0.000000, 10
0.000000, 11
0.000000, 11
0.000000, 12
0.000000, 12
0.000000, 13
0.000000, 13
0.000000, 14
0.000000, 14
0.000000, 15
0.000000, 15
0.000000, 16
0.000000, 16
0.000000, 17
0.000000, 17
0.000000, 18
0.000000, 18
0.000000, 19
0.000000, 19
0.000000, 20
0.000000, 20
0.000000, 21
0.007692, 21
0.000000, 22
0.006923, 22
0.000000, 23
0.006231, 23
0.000000, 24
0.005608, 24
0.000000, 25
0.005047, 25
0.000000, 26
0.004542, 26
0.000000, 27
0.004088, 27
0.000000, 28
0.003679, 28
0.000000, 28
0.003311, 28
0.000000, 28
0.008536, 28
0.000000, 28
0.007682, 28
0.000000, 28
0.006914, 28
0.000000, 28
0.006223, 28
0.000000, 28
0.000000, 28
0.005600, 28
0.000000, 28
0.012733, 28
0.000000, 28
0.011459, 28
0.000000, 28
0.010313, 28
0.000000, 28
0.009282, 28
0.000000, 28
0.008354, 28
0.000000, 28
0.007518, 28
0.000000, 28
0.006767, 28
0.000000, 28
0.006090, 28
0.000000, 28
0.005481, 28
0.000000, 28
0.004933, 28
0.000000, 28
0.004440, 28
0.000000, 28
0.010246, 28
0.000000, 28
0.009221, 28
0.000000, 28
0.008299, 28
0.000000, 28
0.007469, 28
0.000000, 28
0.006722, 28
0.000000, 28
0.006050, 28
0.000000, 28
0.005445, 28
0.000000, 28
0.011150, 28
0.000000, 28
0.010035, 28
0.000000, 28
0.009032, 28
0.000000, 28
0.014795, 28
0.000000, 28
0.019566, 28
0.000000, 28
0.017609, 28
0.000000, 28
0.022515, 28
0.000000, 28
0.025819, 28
0.000000, 28
0.023237, 28
0.000000, 28
0.020913, 28
0.000000, 28
0.018822, 28
0.000000, 28
0.026031, 28
0.000000, 28
0.023428, 28
0.000000, 28
0.021085, 28
0.000000, 28
0.018976, 28
0.000000, 28
0.017079, 28
0.000000, 28
0.022514, 28
0.000000, 28
0.027955, 28
0.000000, 28
0.025159, 28
0.000000, 28
0.022643, 28
0.000000, 28
0.020379, 28
0.000000, 28
0.018341, 28
0.000000, 28
0.016507, 28
0.000000, 28
0.014856, 28
0.000000, 28
0.013371, 28
0.000000, 28
0.024534, 28
0.000000, 28
0.022080, 28
0.000000, 28
0.019872, 28
0.000000, 28
0.017885, 28
0.000000, 28
0.022763, 28
0.000000, 28
0.020487, 28
0.000000, 28
0.018438, 28
0.000000, 28
0.016594, 28
0.000000, 28
0.014935, 28
0.000000, 28
0.013441, 28
0.000000, 28
0.012097, 28
0.000000, 28
0.010888, 28
0.000000, 28
0.009799, 28
0.000000, 28
0.008819, 28
0.000000, 28
0.007937, 28
0.000000, 28
0.007143, 28
0.000000, 28
0.006429, 28
0.000000, 28
0.005786, 28
0.000000, 28
0.005207, 28
0.000000, 28
0.004687, 28
0.000000, 28
0.004218, 28
0.000000, 28
0.003796, 28
0.000000, 28
0.003417, 28
0.000000, 28
0.003075, 28
0.000000, 28
0.002767, 28
0.000000, 28
0.002491, 28
0.000000, 28
0.009385, 28
0.000000, 28
0.008446, 28
0.000000, 28
0.007601, 28
0.000000, 28
0.013984, 28
0.000000, 28
0.012586, 28
0.000000, 28
0.017994, 28
0.000000, 28
0.016194, 28
0.000000, 28
0.014575, 28
0.000000, 28
0.013118, 28
0.000000, 28
0.011806, 28
0.000000, 28
0.010625, 28
0.000000, 28
0.009563, 28
0.000000, 28
0.008606, 28
0.000000, 28
0.000000, 28
0.007746, 28
0.000000, 28
0.006971, 28
0.000000, 28
0.006274, 28
0.000000, 28
0.005647, 28
0.000000, 28
0.005082, 28
0.000000, 28
0.004574, 28
0.000000, 28
0.004116, 28
0.000000, 28
0.003705, 28
0.000000, 28
0.003334, 28
0.000000, 28
0.003001, 28
0.000000, 28
0.002701, 28
0.000000, 28
0.008681, 28
0.000000, 28
0.007813, 28
0.000000, 28
0.018796, 28
0.000000, 28
0.016916, 28
0.000000, 28
0.015225, 28
0.000000, 28
0.013702, 28
0.000000, 28
0.012332, 28
0.000000, 28
0.011099, 28
0.000000, 28
0.009989, 28
