BLER,MCS
0.090000, 9
0.090000, 9
0.081000, 9
0.081000, 9
0.072900, 9
0.072900, 9
0.065610, 9
0.065610, 9
0.059049, 9
0.053144, 9
0.047830, 9
0.043047, 9
0.038742, 9
0.034868, 9
0.031381, 9
0.028243, 9
0.025419, 9
0.059049, 9
0.022877, 9
0.020589, 9
0.018530, 9
0.016677, 9
0.015009, 9
0.013509, 9
0.012158, 9
0.010942, 9
0.009848, 9
0.008863, 9
0.053144, 9
0.007977, 9
0.007179, 9
0.006461, 9
0.047830, 9
0.005815, 9
0.005233, 10
0.004710, 9
0.004239, 9
0.003815, 9
0.003434, 9
0.003090, 9
0.043047, 9
0.002781, 9
0.002503, 9
0.002253, 9
0.002028, 9
0.001825, 9
0.001642, 9
0.001478, 9
0.001330, 9
0.001197, 9
0.001078, 9
0.038742, 9
0.000970, 9
0.000873, 9
0.000786, 9
0.000707, 9
0.000636, 9
0.000573, 9
0.000515, 9
0.000464, 9
0.000417, 9
0.000376, 9
0.034868, 9
0.000338, 9
0.000304, 9
0.000274, 9
0.000247, 9
0.000222, 9
0.000200, 9
0.000180, 9
0.000162, 9
0.000146, 9
0.000131, 9
0.031381, 9
0.000118, 9
0.000106, 9
0.000096, 9
0.000086, 9
0.000077, 9
0.028243, 9
0.000070, 9
0.000063, 10
0.000056, 9
0.000051, 9
0.025419, 9
0.000046, 9
0.000041, 9
0.000037, 9
0.000033, 9
0.000030, 9
0.000027, 9
0.000024, 9
0.000022, 9
0.000020, 9
0.000018, 9
0.022877, 9
0.000016, 9
0.000014, 9
0.000013, 9
0.000012, 9
0.000010, 9
0.000009, 9
0.000008, 9
0.000008, 9
0.000007, 9
0.000006, 9
0.020589, 9
0.000006, 9
0.000005, 9
0.000004, 9
0.000004, 9
0.000004, 9
0.000003, 9
0.000003, 9
0.000003, 9
0.000002, 9
0.000002, 9
0.018530, 9
0.000002, 9
0.000002, 9
0.000002, 9
0.000001, 9
0.000001, 9
0.000001, 9
0.000001, 9
0.000001, 9
0.000001, 9
0.000001, 9
0.016677, 9
0.000001, 9
0.000001, 9
0.000001, 9
0.000000, 9
0.000000, 9
0.000000, 9
0.000000, 9
0.000000, 9
0.000000, 9
0.000000, 9
0.015009, 9
0.000000, 9
0.000000, 9
0.000000, 9
0.000000, 9
0.000000, 9
0.000000, 9
0.000000, 9
0.000000, 9
0.000000, 9
0.000000, 9
0.013509, 9
0.000000, 9
0.000000, 9
0.000000, 9
0.000000, 9
0.000000, 9
0.000000, 9
0.000000, 9
0.000000, 9
0.000000, 9
0.000000, 9
0.012158, 9
0.000000, 9
0.000000, 9
0.000000, 9
0.000000, 9
0.000000, 9
0.000000, 9
0.000000, 9
0.000000, 9
0.000000, 9
0.000000, 9
0.010942, 9
0.000000, 9
0.000000, 9
0.000000, 9
0.000000, 9
0.000000, 9
0.000000, 9
0.009848, 9
0.000000, 9
0.000000, 9
0.000000, 9
0.000000, 9
0.008863, 9
0.000000, 9
0.000000, 9
0.000000, 9
0.000000, 9
0.000000, 9
0.000000, 9
0.000000, 9
0.000000, 9
0.000000, 9
0.000000, 9
0.007977, 9
0.000000, 9
0.000000, 9
0.000000, 9
0.000000, 9
0.000000, 9
0.000000, 9
0.000000, 9
0.000000, 9
0.000000, 9
0.000000, 9
0.007179, 9
0.000000, 9
0.000000, 9
0.000000, 9
0.000000, 9
0.000000, 9
0.000000, 9
0.000000, 9
0.000000, 9
0.000000, 9
0.006461, 9
0.000000, 9
0.005815, 9
0.005233, 10
0.000000, 10
0.004710, 11
0.000000, 11
0.004239, 12
0.000000, 12
0.003815, 13
0.000000, 13
0.003434, 14
0.000000, 14
0.003090, 15
0.000000, 15
0.002781, 16
0.000000, 16
0.002503, 17
0.000000, 17
0.002253, 18
0.010000, 18
0.002028, 19
0.078231, 19
0.001825, 20
0.163265, 19
0.001642, 21
0.161938, 18
0.001478, 22
0.145745, 17
0.001330, 23
0.135518, 17
0.002031, 24
0.131490, 17
0.012737, 25
0.123896, 17
0.100352, 26
0.111507, 17
0.182252, 26
0.100356, 17
0.177111, 25
0.090321, 17
0.161921, 24
0.081288, 17
0.146562, 23
0.079042, 17
0.133587, 23
0.075900, 17
0.120228, 23
0.068310, 17
0.109032, 23
0.066241, 17
0.098962, 23
0.065172, 17
0.089066, 23
0.058655, 17
0.081840, 23
0.052789, 17
0.074482, 23
0.052272, 17
0.067867, 23
0.047045, 17
0.061914, 23
0.042341, 18
0.055723, 23
0.123821, 19
0.050977, 23
0.199674, 19
0.045879, 23
0.189231, 18
0.042972, 24
0.170307, 17
0.050712, 25
0.153277, 16
0.060735, 25
0.137949, 15
0.075661, 25
0.124154, 15
0.087897, 25
0.111739, 15
0.090117, 25
0.100565, 15
0.095124, 25
0.090508, 15
0.099762, 25
0.081457, 15
0.102870, 25
0.073312, 15
0.101592, 25
0.065981, 15
0.102342, 25
0.059383, 15
0.106259, 25
0.053444, 15
0.107670, 25
0.048100, 15
0.105912, 25
0.043290, 16
0.108284, 25
0.043723, 17
0.111606, 25
0.048874, 18
0.116792, 25
0.099542, 19
0.114122, 25
0.149588, 19
0.116728, 25
0.192524, 19
0.119206, 25
0.201050, 18
0.116295, 25
0.185706, 17
0.118816, 25
0.167136, 16
0.123125, 25
0.150422, 15
0.129624, 25
0.135380, 14
0.128699, 25
0.121842, 14
0.131067, 25
0.109658, 14
0.126889, 25
0.098692, 14
0.125209, 25
0.088823, 14
0.123698, 25
0.079941, 14
0.121328, 25
0.071946, 14
0.122158, 25
0.064752, 14
0.126288, 25
0.058277, 14
0.130006, 25
0.052449, 14
0.129042, 25
0.047204, 14
0.125066, 25
0.042484, 15
0.126711, 25
0.038235, 16
0.126077, 25
0.043503, 17
0.133271, 25
0.044708, 18
0.130853, 25
0.104943, 19
0.130852, 25
0.144449, 19
0.137569, 25
0.205004, 19
0.131848, 25
0.196268, 18
0.132681, 25
0.185732, 17
0.132497, 25
0.167159, 16
0.131285, 25
0.150443, 15
0.128156, 25
0.135399, 14
0.125251, 25
0.121859, 14
0.127964, 25
0.109673, 14
0.121308, 25
0.098706, 14
0.125523, 25
0.088835, 14
0.129161, 25
0.079952, 14
0.129329, 25
0.071956, 14
0.132742, 25
0.064761, 14
0.130477, 25
0.058285, 14
0.141919, 25
0.052456, 14
0.139764, 25
0.047211, 14
0.136797, 25
0.042490, 15
0.130197, 25
0.134485, 25
0.038241, 16
0.142249, 25
0.046181, 17
0.144370, 25
0.047813, 18
0.144084, 25
0.101855, 19
0.146983, 25
0.154170, 19
0.146436, 25
0.168753, 18
0.142801, 25
0.156878, 17
0.146168, 25
0.141190, 16
0.140480, 25
0.127071, 16
0.137441, 25
0.114364, 16
0.141173, 25
0.102927, 16
0.142294, 25
0.092635, 16
0.142215, 25
0.083371, 16
0.137003, 25
0.075034, 16
0.138541, 25
0.072794, 16
0.141033, 25
0.072657, 16
0.139892, 25
0.065392, 16
0.140054, 25
0.063852, 16
0.142395, 25
0.057467, 16
0.143393, 25
0.051720, 16
0.147501, 25
0.046548, 16
0.147989, 25
0.041894, 17
0.148428, 25
0.047704, 18
0.152213, 25
0.102934, 19
0.139512, 24
0.170418, 19
0.127242, 24
0.170043, 18
0.117936, 24
0.153039, 17
0.108685, 24
0.137735, 16
0.098643, 24
0.123961, 16
0.089612, 24
0.111565, 16
0.084070, 24
0.100409, 16
0.076496, 24
0.090368, 16
0.073120, 24
0.081331, 16
0.068350, 24
0.073198, 16
0.063196, 24
0.065878, 16
0.057710, 24
0.059290, 16
0.054460, 24
0.058361, 16
0.049014, 24
0.052525, 16
0.058398, 25
0.047273, 16
0.068904, 25
0.042545, 17
0.077108, 25
0.043554, 18
0.086873, 25
0.098022, 19
0.093424, 25
0.154887, 19
0.103884, 25
0.144398, 18
0.107514, 25
0.141069, 18
0.107772, 25
0.136486, 18
0.112233, 25
0.133364, 18
0.109045, 25
0.125291, 18
0.114331, 25
0.123873, 18
0.123898, 25
0.122597, 18
0.125659, 25
0.122102, 18
0.131721, 25
0.115774, 18
0.122378, 18
0.110140, 18
0.099126, 17
0.089214, 16
0.080292, 15
0.072263, 14
0.135004, 25
0.065037, 13
0.058533, 12
0.052680, 11
0.047412, 10
0.121504, 25
0.042671, 9
0.109353, 24
0.038404, 9
0.102704, 24
0.034563, 10
0.094114, 24
0.031107, 11
0.087245, 24
0.027996, 12
0.078521, 24
0.025197, 13
0.072335, 24
0.022677, 14
0.066782, 24
0.020409, 15
0.060104, 24
0.018368, 16
0.055774, 24
0.021531, 17
0.052718, 24
0.024378, 18
0.050865, 24
0.060829, 19
0.046612, 24
0.123496, 19
0.055035, 25
0.152323, 19
0.059441, 25
0.157091, 18
0.069843, 25
0.141382, 17
0.073868, 25
0.127244, 17
0.083957, 25
0.120075, 17
0.084490, 25
0.108067, 17
0.090192, 25
0.102524, 17
0.098648, 25
0.092271, 17
0.106259, 25
0.083044, 17
0.110728, 25
0.074740, 17
0.116160, 25
0.067266, 17
0.122020, 25
0.060539, 17
0.119818, 25
0.067819, 17
0.124026, 25
0.061037, 17
0.129099, 25
0.064024, 17
0.131428, 25
0.057622, 17
0.131369, 25
0.051859, 17
0.136679, 25
0.046674, 17
0.140486, 25
0.042006, 18
0.138475, 25
0.071139, 19
0.139865, 25
0.132775, 19
0.138842, 25
0.195968, 19
0.140196, 25
0.176371, 18
0.139260, 25
0.158734, 17
0.138418, 25
0.142861, 16
0.137540, 25
0.128575, 16
0.139024, 25
0.115717, 16
0.140359, 25
0.104145, 16
0.142670, 25
0.093731, 16
0.138313, 25
0.084358, 16
0.137565, 25
0.075922, 16
0.142436, 25
0.068330, 16
0.142344, 25
0.061497, 16
0.135127, 25
0.055347, 16
0.133651, 25
0.055695, 16
0.129295, 25
0.050125, 16
0.132712, 25
0.045113, 16
0.129350, 25
0.040602, 17
0.127425, 25
0.036541, 18
0.125691, 25
0.085828, 19
0.125159, 25
0.155023, 19
0.121572, 25
0.149521, 18
0.119415, 25
0.144569, 18
0.132473, 25
0.143445, 18
0.130235, 25
0.160351, 18
0.134519, 25
0.144316, 17
0.133104, 25
0.135147, 17
0.131831, 25
0.126896, 17
0.132799, 25
0.114206, 17
0.139127, 25
0.102786, 17
0.146214, 25
0.092507, 17
0.146831, 25
0.089506, 17
0.144185, 25
0.087222, 17
0.141693, 25
0.135559, 25
0.078500, 17
0.141805, 25
0.070650, 17
0.138634, 25
0.063585, 17
0.138789, 25
0.063109, 17
0.141257, 25
0.061146, 17
0.136140, 25
0.055031, 17
0.137764, 25
0.054074, 17
0.136951, 25
0.053666, 17
0.141883, 25
0.048300, 17
0.137695, 25
0.053470, 18
0.135962, 25
0.078123, 18
0.131295, 25
0.080310, 18
0.131249, 25
0.085613, 18
0.141836, 25
0.082934, 18
0.145128, 25
0.079640, 18
0.144634, 25
0.071676, 18
0.145704, 25
0.064509, 18
0.143171, 25
0.062820, 18
0.143005, 25
0.056538, 18
0.146012, 25
0.056147, 18
0.148887, 25
0.056782, 18
0.148149, 25
0.056987, 18
0.150810, 25
0.056551, 18
0.137395, 24
0.073118, 18
0.124489, 24
0.075330, 18
0.113721, 24
0.078908, 18
0.105768, 24
0.088665, 18
0.097712, 24
0.085061, 18
0.089621, 24
0.113397, 18
0.082340, 24
0.106819, 18
0.074106, 24
0.096137, 18
0.066695, 24
0.096524, 18
0.062568, 24
0.096871, 18
0.059730, 24
0.107184, 18
0.054590, 24
0.096466, 18
0.050798, 24
0.091167, 18
0.047399, 24
0.087606, 18
0.056810, 25
0.088845, 18
0.070931, 25
0.089961, 18
0.075764, 25
0.087215, 18
0.089188, 25
0.094283, 18
0.097745, 25
0.091997, 18
0.106598, 25
0.095298, 18
0.108901, 25
0.095768, 18
0.114516, 25
0.091747, 18
0.126534, 25
0.088127, 18
0.130226, 25
0.085197, 18
0.129130, 25
0.081677, 18
0.130368, 25
0.084621, 18
0.130665, 25
0.096159, 18
0.127598, 25
0.097654, 18
0.124748, 25
0.106639, 18
0.124311, 25
0.110975, 18
0.122889, 25
0.099877, 18
0.126946, 25
0.101001, 18
0.126178, 25
0.095901, 18
0.125597, 25
0.092560, 18
0.128571, 25
0.095069, 18
0.130952, 25
0.101352, 18
0.135165, 25
0.113439, 18
0.129684, 25
0.102095, 18
0.125725, 25
0.096885, 18
0.130628, 25
0.087197, 18
0.136012, 25
0.100699, 18
0.134448, 25
0.090629, 18
0.143225, 25
0.091090, 18
0.139912, 25
0.088231, 18
0.141015, 25
0.085290, 18
0.147913, 25
0.087288, 18
0.150598, 25
0.084441, 18
0.138957, 24
0.080997, 18
0.125888, 24
0.078453, 18
0.115841, 24
0.081719, 18
0.104257, 24
0.078309, 18
0.095512, 24
0.081589, 18
0.085961, 24
0.088815, 18
0.079933, 18
0.071940, 17
0.077365, 24
0.064746, 16
0.058271, 15
0.052444, 14
0.047200, 13
0.042480, 12
0.038232, 11
0.034409, 10
0.030968, 9
0.027871, 9
0.025084, 9
0.069628, 23
0.022576, 9
0.020318, 9
0.018286, 9
0.016458, 9
0.014812, 9
0.013331, 9
0.011998, 9
0.010798, 9
0.009718, 9
0.008746, 9
0.062665, 22
0.007872, 9
0.007084, 9
0.006376, 9
0.005738, 9
0.005165, 9
0.004648, 9
0.004183, 9
0.003765, 9
0.003388, 9
0.003050, 9
0.056399, 21
0.002745, 9
0.002470, 9
0.002223, 9
0.002001, 9
0.001801, 9
0.001621, 9
0.001459, 9
0.001313, 9
0.001181, 9
0.001063, 9
0.050759, 20
0.000957, 9
0.000861, 9
0.000775, 9
0.000698, 9
0.000628, 9
0.000565, 9
0.000509, 9
0.000458, 9
0.000412, 9
0.000371, 9
0.045683, 19
0.000334, 9
0.000300, 9
0.000270, 9
0.000243, 9
0.000219, 9
0.000197, 9
0.000177, 9
0.000160, 9
0.000144, 9
0.000129, 9
0.041115, 18
0.000116, 9
0.000105, 9
0.000094, 9
0.000085, 9
0.000076, 9
0.000069, 9
0.000062, 9
0.000056, 9
0.000050, 9
0.000045, 9
0.037003, 17
0.000041, 9
0.000037, 9
0.000033, 9
0.000030, 9
0.000027, 9
0.000024, 9
0.000022, 9
0.000019, 9
0.000017, 9
0.000016, 9
0.033303, 16
0.000014, 9
0.000013, 9
0.000011, 9
0.000010, 9
0.000009, 9
0.000008, 9
0.000008, 9
0.000007, 9
0.000006, 9
0.000005, 9
0.029973, 15
0.000005, 9
0.000004, 9
0.000004, 9
0.000004, 9
0.000003, 9
0.000003, 9
0.000003, 9
0.000002, 9
0.000002, 9
0.000002, 9
0.026975, 14
0.000002, 9
0.000002, 9
0.000001, 9
0.000001, 9
0.000001, 9
0.000001, 9
0.000001, 9
0.000001, 9
0.000001, 9
0.000001, 9
0.024278, 13
0.000001, 9
0.000001, 9
0.000000, 9
0.000000, 9
0.000000, 9
0.000000, 9
0.000000, 9
0.000000, 9
0.000000, 9
0.000000, 9
0.021850, 12
0.000000, 9
0.000000, 10
0.000000, 9
0.000000, 9
0.000000, 9
0.000000, 9
0.000000, 9
0.000000, 9
0.000000, 9
0.000000, 9
0.019665, 11
0.000000, 9
0.000000, 9
0.000000, 9
0.000000, 9
0.000000, 9
0.000000, 9
0.000000, 9
0.000000, 9
0.000000, 9
0.000000, 9
0.017699, 10
0.000000, 9
0.000000, 9
0.000000, 9
0.000000, 9
0.000000, 9
0.000000, 9
0.000000, 9
0.000000, 9
0.000000, 9
0.000000, 9
0.015929, 9
0.000000, 9
0.000000, 9
0.000000, 9
0.000000, 9
0.000000, 9
0.000000, 9
0.000000, 9
0.000000, 9
0.000000, 9
0.000000, 9
0.014336, 9
0.000000, 9
0.000000, 9
0.000000, 9
0.000000, 9
0.000000, 9
0.000000, 9
0.000000, 9
0.000000, 9
0.000000, 9
0.000000, 9
0.012902, 9
0.000000, 9
0.000000, 9
0.000000, 9
0.000000, 9
0.000000, 9
0.000000, 9
0.000000, 9
0.000000, 9
0.000000, 9
0.000000, 9
0.011612, 9
0.000000, 9
0.000000, 9
0.000000, 9
0.000000, 9
0.000000, 9
0.000000, 9
0.000000, 9
0.000000, 9
0.000000, 9
0.000000, 9
0.010451, 9
0.000000, 9
0.000000, 9
0.000000, 9
0.000000, 9
0.000000, 9
0.000000, 9
0.000000, 9
0.000000, 9
0.000000, 9
0.000000, 9
0.009406, 9
0.000000, 9
0.000000, 9
0.000000, 9
0.000000, 9
0.000000, 9
0.000000, 9
0.008465, 9
0.000000, 9
0.007619, 9
0.000000, 9
0.006857, 10
0.000000, 10
0.006171, 11
0.000000, 11
0.005554, 12
0.000000, 12
0.004999, 13
0.000000, 13
0.004499, 14
0.000000, 14
0.004049, 15
0.000000, 15
0.003644, 16
0.000000, 16
0.003280, 17
0.000000, 17
0.002952, 18
0.011111, 18
0.002656, 19
0.076667, 19
0.002391, 20
0.156500, 19
0.002152, 21
0.160850, 18
0.001937, 22
0.154765, 17
0.001743, 23
0.139289, 16
0.002402, 24
0.125360, 16
0.014199, 25
0.112824, 16
0.101668, 26
0.101541, 16
0.183437, 26
0.091387, 16
0.184895, 25
0.082248, 16
0.168926, 24
0.074024, 16
0.152867, 23
0.066621, 16
0.137580, 22
0.064721, 16
0.123822, 22
0.063804, 16
0.111440, 22
0.057424, 16
0.100296, 22
0.051682, 16
0.090266, 22
0.046513, 16
0.081240, 22
0.041862, 17
0.073116, 22
0.066247, 18
0.065804, 22
0.070149, 18
0.059224, 22
0.073134, 18
0.054135, 22
0.071084, 18
0.048721, 22
0.068975, 18
0.043849, 23
0.066623, 18
0.039464, 24
0.064961, 18
0.049669, 25
0.064347, 18
0.135024, 26
0.057913, 18
0.216604, 26
0.064621, 18
0.211290, 25
0.058159, 18
0.191841, 24
0.058226, 18
0.176047, 23
0.071451, 18
0.158442, 22
0.078591, 18
0.142598, 21
0.075995, 18
0.128338, 21
0.073396, 18
0.115505, 21
0.075580, 18
0.103954, 21
0.091551, 18
0.093559, 21
0.110174, 18
0.084203, 21
0.104157, 18
0.075783, 21
0.098741, 18
0.068204, 21
0.105534, 18
0.061384, 21
0.104980, 18
0.055245, 21
0.105009, 18
0.049721, 21
0.099771, 18
0.044749, 22
0.094794, 18
0.040274, 23
0.100314, 18
0.037927, 24
0.090283, 18
0.054927, 25
0.081255, 18
0.063585, 25
0.069263, 25
0.089796, 18
0.077575, 25
0.091343, 18
0.083836, 25
0.087764, 18
0.087490, 25
0.084543, 18
0.090778, 25
0.097141, 18
0.099176, 25
0.098538, 18
0.105449, 25
0.093684, 18
0.112380, 25
0.094316, 18
0.111142, 25
0.096649, 18
0.113112, 25
0.103651, 18
0.110729, 25
0.102810, 18
0.112740, 25
0.113581, 18
0.114550, 25
0.130795, 18
0.117246, 25
0.122715, 18
0.111609, 25
0.119535, 18
0.117923, 25
0.120081, 18
0.122477, 25
0.113073, 18
0.120229, 25
0.106528, 18
0.119116, 25
0.101430, 18
0.124680, 25
0.097954, 18
0.132014, 25
0.105806, 18
0.141035, 25
0.095225, 18
0.135860, 25
0.095703, 18
0.134311, 25
0.097243, 18
0.131889, 25
0.099284, 18
0.136176, 25
0.114355, 18
0.134485, 25
0.138214, 18
0.134120, 25
0.144393, 18
0.133916, 25
0.129953, 18
0.140326, 25
0.116958, 18
0.143601, 25
0.126691, 18
0.145908, 25
0.129811, 18
0.147663, 25
0.127356, 18
0.148135, 25
0.124145, 18
0.142250, 25
0.129121, 18
0.147827, 25
0.126209, 18
0.148282, 25
0.124115, 18
0.148692, 25
0.122814, 18
0.151299, 25
0.123866, 18
0.137850, 24
0.116480, 18
0.124898, 24
0.119832, 18
0.112408, 24
0.124515, 18
0.103688, 24
0.139841, 18
0.094153, 24
0.135857, 18
0.086418, 24
0.132798, 18
0.079457, 24
0.151097, 18
0.076684, 24
0.135987, 17
0.069015, 24
0.122389, 17
0.062947, 24
0.110150, 17
0.060071, 24
0.099135, 17
0.054891, 24
0.089221, 17
0.051944, 24
0.080299, 17
0.047583, 24
0.072269, 17
0.056976, 25
0.065042, 17
0.071278, 25
0.058538, 17
0.082778, 25
0.052684, 17
0.090034, 25
0.047416, 17
0.095181, 25
0.061722, 18
0.096572, 25
0.055550, 18
0.101066, 25
0.071047, 18
0.100959, 25
0.075707, 18
0.102901, 25
0.073692, 18
0.108801, 25
0.083970, 18
0.112072, 25
0.085573, 18
0.113949, 25
0.115638, 25
0.087542, 18
0.119169, 25
0.089899, 18
0.123598, 25
0.086172, 18
0.124322, 25
0.096603, 18
0.130517, 25
0.098053, 18
0.132560, 25
0.093010, 18
0.131568, 25
0.101356, 18
0.133649, 25
0.114750, 18
0.133369, 25
0.103275, 18
0.142032, 25
0.107233, 18
0.143067, 25
0.096510, 18
0.145106, 25
0.095554, 18
0.141605, 25
0.097764, 18
0.144752, 25
0.099098, 18
0.151277, 25
0.095855, 18
0.136982, 24
0.086270, 18
0.124965, 24
0.088754, 18
0.079879, 18
0.071891, 18
0.116416, 24
0.064702, 17
0.058231, 16
0.052408, 15
0.047167, 14
0.042451, 13
0.038206, 12
0.034385, 11
0.030947, 10
0.027852, 9
0.025067, 9
0.104774, 24
0.022560, 9
0.020304, 9
0.018274, 9
0.016446, 9
0.014802, 9
0.013321, 9
0.011989, 9
0.010790, 9
0.009711, 9
0.008740, 9
0.094297, 23
0.007866, 9
0.007080, 9
0.006372, 9
0.005734, 9
0.005161, 9
0.004645, 9
0.004180, 9
0.003762, 9
0.003386, 9
0.003048, 9
0.084867, 22
0.002743, 9
0.002468, 9
0.002222, 9
0.001999, 9
0.001800, 9
0.001620, 9
0.001458, 9
0.001312, 9
0.001181, 9
0.001063, 9
0.076380, 21
0.000956, 9
0.000861, 9
0.000775, 9
0.000697, 9
0.000627, 9
0.000565, 9
0.000508, 9
0.000457, 9
0.000412, 9
0.000371, 9
0.068742, 20
0.000333, 9
0.000300, 9
0.000270, 9
0.000243, 9
0.000219, 9
0.000197, 9
0.000177, 9
0.000159, 9
0.000144, 9
0.000129, 9
0.061868, 19
0.000116, 9
0.000105, 9
0.000094, 9
0.000085, 9
0.000076, 9
0.000069, 9
0.000062, 9
0.000056, 9
0.000050, 9
0.000045, 9
0.055681, 18
0.000041, 9
0.000036, 9
0.000033, 9
0.000030, 9
0.000027, 9
0.000024, 9
0.000022, 9
0.000019, 9
0.050113, 17
0.000017, 9
0.045102, 16
0.000016, 10
0.040592, 17
0.000014, 11
0.036532, 18
0.000013, 12
0.032879, 19
0.000011, 13
0.029591, 20
0.000010, 14
0.026632, 21
0.000009, 15
0.023969, 22
0.000008, 16
0.021572, 23
0.010534, 17
0.022834, 24
0.031220, 18
0.031459, 25
0.086921, 19
0.117202, 26
0.124896, 19
0.191636, 26
0.179073, 19
0.194695, 25
0.166166, 18
0.179499, 24
0.154549, 17
0.161549, 23
0.139094, 16
0.145394, 22
0.125185, 16
0.130855, 22
0.112666, 16
0.117769, 22
0.101400, 16
0.105992, 22
0.095607, 16
0.095393, 22
0.086047, 16
0.085854, 22
0.077442, 16
0.077268, 22
0.069698, 16
0.069541, 22
0.062728, 16
0.062587, 22
0.056455, 16
0.056329, 22
0.050810, 16
0.050696, 22
0.045729, 16
0.045626, 22
0.041156, 17
0.041064, 23
0.041802, 18
0.037790, 24
0.099160, 19
0.050202, 25
0.136303, 19
0.058266, 25
0.066590, 25
0.191423, 19
0.073015, 25
0.185324, 18
0.078677, 25
0.171337, 17
0.078845, 25
0.154203, 16
0.087306, 25
0.138783, 15
0.093814, 25
0.124905, 15
0.093361, 25
0.112414, 15
0.098176, 25
0.101173, 15
0.106986, 25
0.091056, 15
0.112633, 25
0.081950, 15
0.119817, 25
0.073755, 15
0.120919, 25
0.066380, 15
0.122978, 25
0.059742, 15
0.124831, 25
0.053767, 15
0.126367, 25
0.048391, 15
0.127881, 25
0.043552, 16
0.134895, 25
0.039196, 17
0.132415, 25
0.040832, 18
0.131100, 25
0.086749, 19
0.133228, 25
0.134324, 19
0.132989, 25
0.182003, 19
0.136036, 25
0.173803, 18
0.133342, 25
0.156422, 17
0.133092, 25
0.140780, 16
0.138410, 25
0.126702, 16
0.139807, 25
0.114032, 16
0.143134, 25
0.102629, 16
0.141905, 25
0.092366, 16
0.142952, 25
0.083129, 16
0.143895, 25
0.074816, 16
0.139416, 25
0.067335, 16
0.140712, 25
0.060601, 16
0.140792, 25
0.054541, 16
0.146515, 25
0.049087, 16
0.143790, 25
0.044178, 17
0.147058, 25
0.054760, 18
0.142352, 25
0.049284, 18
0.140154, 25
0.103180, 19
0.150628, 25
0.139015, 19
0.138108, 24
0.189820, 19
0.125978, 24
0.184171, 18
0.116059, 24
0.165754, 17
0.106119, 24
0.149179, 16
0.098926, 24
0.134261, 16
0.093344, 24
0.120835, 16
0.085690, 24
0.108751, 16
0.078788, 24
0.103139, 16
0.071742, 24
0.092825, 16
0.067111, 24
0.083543, 16
0.060399, 24
0.075188, 16
0.054360, 24
0.067670, 16
0.049757, 24
0.060903, 16
0.061286, 25
0.054812, 16
0.068242, 25
0.049331, 16
0.074380, 25
0.049160, 17
0.081093, 25
0.055355, 18
0.089330, 25
0.062320, 18
0.097873, 25
0.066614, 18
0.103180, 25
0.059953, 18
0.103871, 25
0.069747, 18
0.109830, 25
0.076105, 18
0.107856, 25
0.098495, 18
0.107980, 25
0.098645, 18
0.112420, 25
0.109833, 18
0.123400, 25
0.124144, 25
0.098850, 18
0.121640, 25
0.094847, 18
0.121513, 25
0.095889, 18
0.125708, 25
0.102090, 18
0.125174, 25
0.125214, 18
0.125619, 25
0.118248, 18
0.128296, 25
0.117534, 18
0.128550, 25
0.105781, 18
0.126704, 25
0.110992, 18
0.129418, 25
0.114179, 18
0.131715, 25
0.129428, 18
0.131627, 25
0.121748, 18
0.134811, 25
0.115129, 18
0.131240, 25
0.110283, 18
0.134462, 25
0.112588, 18
0.133053, 25
0.114662, 18
0.132832, 25
0.103196, 18
0.131475, 25
0.119192, 18
0.138129, 25
0.107273, 18
0.140663, 25
0.106069, 18
0.142943, 25
0.095463, 18
0.140575, 25
0.091179, 18
0.142864, 25
0.099709, 18
0.141661, 25
0.100264, 18
0.143841, 25
0.096904, 18
0.144552, 25
0.093096, 18
0.144247, 25
0.108787, 18
0.146169, 25
0.097908, 18
0.149028, 25
0.105764, 18
0.150315, 25
0.112835, 18
0.136964, 24
0.106815, 18
0.124101, 24
0.107244, 18
0.113372, 24
0.113186, 18
0.102035, 24
0.117657, 18
0.092665, 24
0.111155, 18
0.084231, 24
0.105302, 18
0.078351, 24
0.128105, 18
0.073037, 24
0.134343, 18
0.067414, 24
0.135908, 18
0.062353, 24
0.132317, 18
0.058660, 24
0.141308, 18
0.057068, 24
0.144824, 18
0.052194, 24
0.145342, 18
0.048655, 24
0.136071, 18
0.057941, 25
0.132990, 18
0.065110, 25
0.125247, 18
0.073837, 25
0.135799, 18
0.082703, 25
0.127774, 18
0.114997, 18
0.103497, 17
0.093148, 16
0.083833, 15
0.075450, 14
0.067905, 13
0.061114, 12
0.074433, 25
0.055003, 11
0.049502, 10
0.044552, 9
0.040097, 9
0.036087, 9
0.032479, 9
0.029231, 9
0.026308, 9
0.023677, 9
0.021309, 9
0.066990, 24
0.019178, 9
0.017260, 9
0.015534, 9
0.013981, 9
0.012583, 9
0.011325, 9
0.010192, 9
0.009173, 9
0.008256, 9
0.007430, 9
0.060291, 23
0.006687, 9
0.006018, 9
0.005417, 9
0.004875, 9
0.004387, 9
0.003949, 9
0.003554, 9
0.003198, 9
0.002879, 9
0.002591, 9
0.054262, 22
0.002332, 9
0.002098, 9
0.001889, 9
0.001700, 9
0.001530, 9
0.001377, 9
0.001239, 9
0.001115, 9
0.001004, 9
0.000903, 9
0.048835, 21
0.000813, 9
0.000732, 9
0.000659, 9
0.000593, 9
0.000533, 9
0.000480, 9
0.000432, 9
0.000389, 9
0.000350, 9
0.000315, 9
0.043952, 20
0.000283, 9
0.000255, 9
0.000230, 9
0.039557, 19
0.000207, 9
0.035601, 18
0.000186, 10
0.032041, 19
0.000167, 11
0.028837, 20
0.000151, 12
0.025953, 21
0.000136, 13
0.023358, 22
0.000122, 14
0.021022, 23
0.000110, 15
0.022556, 24
0.007242, 16
0.034442, 25
0.006518, 17
0.122933, 26
0.017630, 18
0.207307, 26
0.065867, 19
0.200717, 25
0.117175, 19
0.184956, 24
0.185458, 19
0.167294, 23
0.166912, 18
0.150564, 22
0.150221, 17
0.135508, 21
0.135199, 16
0.121957, 21
0.121679, 16
0.109761, 21
0.109511, 16
0.098785, 21
0.098560, 16
0.088907, 21
0.088704, 16
0.080016, 21
0.079834, 16
0.072014, 21
0.076612, 16
0.064813, 21
0.068951, 16
0.058332, 21
0.062056, 16
0.052499, 21
0.055850, 16
0.047249, 21
0.050265, 16
0.042524, 22
0.045239, 16
0.038271, 23
0.040715, 17
0.036125, 24
0.047754, 18
0.044549, 25
0.096312, 19
0.130417, 26
0.132835, 19
0.215709, 26
0.215138, 25
0.166920, 19
0.195305, 24
0.171281, 18
0.176601, 23
0.154152, 17
0.158941, 22
0.138737, 16
0.143047, 21
0.124864, 16
0.128742, 21
0.117640, 16
0.115868, 21
0.105876, 16
0.104281, 21
0.095289, 16
0.093853, 21
0.085760, 16
0.084468, 21
0.077184, 16
0.076021, 21
0.069465, 16
0.068419, 21
0.062519, 16
0.061577, 21
0.056267, 16
0.055419, 21
0.050640, 16
0.049877, 21
0.045576, 16
0.044890, 22
0.041019, 17
0.042943, 23
0.048681, 18
0.039482, 24
0.116036, 19
0.049552, 25
0.179432, 19
0.136661, 26
0.167739, 18
0.221328, 26
0.150965, 17
0.213346, 25
0.135868, 16
0.192838, 24
0.122282, 16
0.174388, 23
0.114815, 16
0.156949, 22
0.103334, 16
0.141254, 21
0.093000, 16
0.127955, 21
0.083700, 16
0.115159, 21
0.075330, 16
0.103643, 21
0.067797, 16
0.093279, 21
0.061018, 16
0.083951, 21
0.054916, 16
0.075556, 21
0.049424, 16
0.068000, 21
0.044482, 17
0.061200, 21
0.040034, 18
0.055080, 21
0.117280, 19
0.049572, 21
0.152611, 19
0.044615, 22
0.168600, 18
0.040987, 23
0.156285, 17
0.038555, 24
0.140657, 16
0.047784, 25
0.126591, 16
0.128943, 26
0.113932, 16
0.205111, 26
0.102539, 16
0.210373, 25
0.092285, 16
0.191878, 24
0.083056, 16
0.173524, 23
0.074751, 16
0.156171, 22
0.067276, 16
0.140554, 21
0.060548, 16
0.126499, 21
0.054493, 16
0.113849, 21
0.049044, 16
0.102464, 21
0.044140, 17
0.092218, 21
0.045976, 18
0.082996, 21
0.108045, 19
0.074696, 21
0.150574, 19
0.067227, 21
0.135516, 18
0.060504, 21
0.144187, 18
0.054454, 21
0.140294, 18
0.049008, 21
0.138030, 18
0.044107, 22
0.134572, 18
0.039697, 23
0.157114, 18
0.038269, 24
0.146666, 17
0.044442, 25
0.132000, 17
0.135080, 26
0.118800, 17
0.215015, 26
0.114612, 17
0.209859, 25
0.103151, 17
0.189707, 24
0.092836, 17
0.170736, 23
0.083552, 17
0.153663, 22
0.080197, 17
0.138296, 21
0.072177, 17
0.124467, 21
0.070223, 17
0.112020, 21
0.063200, 17
0.101644, 21
0.062763, 17
0.091480, 21
0.056486, 17
0.082332, 21
0.050838, 17
0.074099, 21
0.045754, 17
0.066689, 21
0.046179, 18
0.060020, 21
0.134418, 19
0.054018, 21
0.220976, 19
0.048616, 21
0.214668, 18
0.043755, 22
0.193201, 17
0.039379, 23
0.173881, 16
0.037122, 24
0.156493, 15
0.043410, 25
0.140844, 14
0.126569, 26
0.126759, 14
0.209073, 26
0.114083, 14
0.205642, 25
0.102675, 14
0.185077, 24
0.092408, 14
0.169091, 23
0.083167, 14
0.153015, 22
0.074850, 14
0.138547, 21
0.067365, 14
0.124692, 21
0.060629, 14
0.112223, 21
0.054566, 14
0.101001, 21
0.049109, 14
0.090901, 21
0.044198, 15
0.081810, 21
0.039778, 16
0.073629, 21
0.045801, 17
0.066266, 21
0.063443, 18
0.059640, 21
0.066622, 18
0.053676, 21
0.059960, 18
0.048308, 21
0.070631, 18
0.043477, 22
0.082615, 18
0.039130, 23
0.088639, 18
0.036050, 24
0.090302, 18
0.050892, 25
0.087154, 18
0.056812, 25
0.093439, 18
0.062140, 25
0.095206, 18
0.065926, 25
0.099322, 18
0.074427, 25
0.116056, 18
0.085612, 25
0.122098, 18
0.093397, 25
0.127535, 18
0.095067, 25
0.120045, 18
0.099579, 25
0.130262, 18
0.137236, 18
0.123512, 18
0.111161, 17
0.108489, 25
0.100045, 16
0.090041, 15
0.081037, 14
0.072933, 13
0.065640, 12
0.059076, 11
0.053168, 10
0.047851, 9
0.043066, 9
0.038760, 9
0.097640, 25
0.034884, 9
0.031395, 9
0.028256, 9
0.025430, 9
0.022887, 9
0.020598, 9
0.018539, 9
0.016685, 9
0.015016, 9
0.013515, 9
0.087876, 24
0.012163, 9
0.010947, 9
0.009852, 9
0.008867, 9
0.007980, 9
0.007182, 9
0.006464, 9
0.005818, 9
0.005236, 9
0.004712, 9
0.079088, 23
0.004241, 9
0.003817, 9
0.003435, 9
0.003092, 9
0.002783, 9
0.002504, 9
0.002254, 9
0.002028, 9
